1.000000000000000048e-04
1.026012337752051697e-04
1.052701317219430048e-04
1.080084539434971174e-04
1.108180063275523010e-04
1.137006417371535827e-04
1.166582612326453992e-04
1.196928153253960428e-04
1.228063052641341910e-04
1.260007843547463814e-04
1.292783593144054908e-04
1.326411916609228836e-04
1.360914991382413948e-04
1.396315571790083675e-04
1.432637004051936689e-04
1.469903241677422646e-04
1.508138861262771401e-04
1.547369078698932669e-04
1.587619765801130212e-04
1.628917467370982319e-04
1.671289418702452928e-04
1.714763563543170903e-04
1.759368572522967272e-04
1.805133862061779706e-04
1.852089613769395836e-04
1.900266794349832233e-04
1.949697176023468443e-04
2.000413357480411902e-04
2.052448785378907807e-04
2.105837776402972076e-04
2.160615539893794934e-04
2.216818201069844054e-04
2.274482824850968324e-04
2.333647440302231578e-04
2.394351065713584009e-04
2.456633734331910767e-04
2.520536520762436082e-04
2.586101568056889226e-04
2.653372115506295371e-04
2.722392527156720313e-04
2.793208321066782684e-04
2.865866199326212661e-04
2.940414078855274767e-04
3.016901123005345060e-04
3.095377773981503847e-04
3.175895786108503789e-04
3.258508259962076084e-04
3.343269677388059440e-04
3.430235937432470311e-04
3.519464393206188455e-04
3.611013889708587343e-04
3.704944802635036288e-04
3.801319078193886964e-04
3.900200273959183615e-04
4.001653600786054025e-04
4.105745965816414312e-04
4.212546016603354064e-04
4.322124186383299090e-04
4.434552740525813438e-04
4.549905824191656360e-04
4.668259511230556710e-04
4.789691854350912608e-04
4.914282936594538756e-04
5.042114924150379587e-04
5.173272120542039918e-04
5.307841022224851074e-04
5.445910375629157540e-04
5.587571235687426984e-04
5.732917025883776376e-04
5.882043599865552624e-04
6.035049304657547249e-04
6.192035045520583644e-04
6.353104352497204212e-04
6.518363448688391454e-04
6.687921320306301114e-04
6.861889788549255112e-04
7.040383583346351143e-04
7.223520419020357675e-04
7.411421071918754657e-04
7.604209460064176654e-04
7.802012724876715389e-04
8.004961315022009888e-04
8.213189072440469501e-04
8.426833320614249018e-04
8.646034955130311355e-04
8.870938536599205695e-04
9.101692385990912829e-04
9.338448682450581784e-04
9.581363563658691629e-04
9.830597228801779119e-04
1.008631404422175287e-03
1.034868265181330873e-03
1.061787608024107642e-03
1.089407185904973626e-03
1.117745213574245595e-03
1.146820379590477975e-03
1.176651858645321857e-03
1.207259324208982817e-03
1.238662961504620246e-03
1.270883480820235402e-03
1.303942131166834330e-03
1.337860714291875608e-03
1.372661599057236606e-03
1.408367736191185266e-03
1.445002673424082475e-03
1.482590571017806816e-03
1.521156217699128977e-03
1.560725047007552584e-03
1.601323154068399297e-03
1.642977312802206772e-03
1.685714993581775714e-03
1.729564381348522913e-03
1.774554394200078631e-03
1.820714702461398264e-03
1.868075748251949624e-03
1.916668765561896489e-03
1.966525800850499849e-03
2.017679734180346813e-03
2.070164300901315355e-03
2.124014113898601078e-03
2.179264686419455331e-03
2.235952455493716781e-03
2.294114805963548380e-03
2.353790095138255049e-03
2.415017678090424728e-03
2.477837933610087771e-03
2.542292290833998627e-03
2.608423256567610378e-03
2.676274443317752921e-03
2.745890598054517764e-03
2.817317631721295672e-03
2.890602649512439854e-03
2.965793981938532210e-03
3.042941216699718461e-03
3.122095231388152207e-03
3.203308227041089685e-03
3.286633762566807618e-03
3.372126790065990525e-03
3.459843691071929489e-03
3.549842313733397436e-03
3.642182010964754163e-03
3.736923679588415124e-03
3.834129800495510079e-03
3.933864479851204368e-03
4.036193491371892379e-03
4.141184319702090333e-03
4.248906204919682128e-03
4.359430188198839401e-03
4.472829158660756622e-03
4.589177901443065866e-03
4.708553147019655001e-03
4.831033621803414516e-03
4.956700100065281230e-03
5.085635457203806740e-03
5.217924724400403030e-03
5.353655144696285902e-03
5.492916230528134373e-03
5.635799822760356736e-03
5.782400151252951176e-03
5.932813897004857000e-03
6.087140255913816612e-03
6.245481004194756297e-03
6.407940565499890828e-03
6.574626079784745732e-03
6.745647473965552150e-03
6.921117534414617661e-03
7.101151981341456872e-03
7.285869545108765791e-03
7.475392044533520075e-03
7.669844467224923995e-03
7.869355052012081894e-03
8.074055373515832967e-03
8.284080428920492095e-03
8.499568727002733068e-03
8.720662379476301629e-03
8.947507194712853856e-03
9.180252773900636140e-03
9.419052609704547940e-03
9.664064187492524965e-03
9.915449089195083401e-03
1.017337309986649646e-02
1.043800631701785782e-02
1.070952326279417388e-02
1.098810299906943788e-02
1.127392924553556088e-02
1.156719050086316321e-02
1.186808016701393700e-02
1.217679667678672577e-02
1.249354362468136151e-02
1.281852990116656016e-02
1.315196983044047627e-02
1.349408331177469333e-02
1.384509596453490157e-02
1.420523927697394696e-02
1.457475075889529993e-02
1.495387409828765127e-02
1.534285932203396582e-02
1.574196296080092317e-02
1.615144821821757476e-02
1.657158514445462166e-02
1.700265081431905079e-02
1.744492950998131203e-02
1.789871290845567245e-02
1.836430027395742973e-02
1.884199865526369963e-02
1.933212308820811756e-02
1.983499680344283367e-02
2.035095143960485159e-02
2.088032726202745243e-02
2.142347338714067906e-02
2.198074801270906778e-02
2.255251865405838788e-02
2.313916238644719500e-02
2.374106609374302540e-02
2.435862672356726641e-02
2.499225154907684654e-02
2.564235843755566582e-02
2.630937612599252781e-02
2.699374450382760124e-02
2.769591490305374493e-02
2.841635039586406022e-02
2.915552610004191678e-02
2.991392949229498485e-02
3.069206072973961613e-02
3.149043297974807309e-02
3.230957275837562093e-02
3.315002027759096637e-02
3.401232980153901658e-02
3.489707001207081882e-02
3.580482438378181781e-02
3.673619156880564979e-02
3.769178579161747838e-02
3.867223725410700447e-02
3.967819255118830435e-02
4.071031509722074920e-02
4.176928556352209332e-02
4.285580232726231287e-02
4.397058193203425697e-02
4.511435956040458356e-02
4.628788951875731361e-02
4.749194573474886660e-02
4.872732226770326580e-02
4.999483383228381372e-02
5.129531633578687105e-02
5.262962742941167810e-02
5.399864707387021234e-02
5.540327811970954808e-02
5.684444690273028622e-02
5.832310385489265087e-02
5.984022413111408922e-02
6.139680825237109341e-02
6.299388276552971011e-02
6.463250092033979988e-02
6.631374336403951519e-02
6.803871885402777708e-02
6.980856498907560270e-02
7.162444895955746849e-02
7.348756831719806260e-02
7.539915176484197901e-02
7.736045996676722825e-02
7.937278638007688736e-02
8.143745810771688132e-02
8.355583677368336182e-02
8.572931942099569491e-02
8.795933943302813862e-02
9.024736747880739152e-02
9.259491248289965226e-02
9.500352262052648433e-02
9.747478633856636321e-02
1.000103334031142016e-01
1.026118359742912711e-01
1.052810097090126490e-01
1.080196148924404825e-01
1.108294575988691688e-01
1.137123908828076430e-01
1.166703160010444940e-01
1.197051836665023600e-01
1.228189953347067626e-01
1.260138045237207960e-01
1.292917181684128114e-01
1.326548980099526154e-01
1.361055620214514372e-01
1.396459858706861901e-01
1.432785044208726988e-01
1.470055132704773948e-01
1.508294703330827491e-01
1.547528974583498862e-01
1.587783820951450542e-01
1.629085789979282661e-01
1.671462119775291022e-01
1.714940756974645819e-01
1.759550375169830760e-01
1.805320393820497304e-01
1.852280997655222639e-01
1.900463156577937296e-01
1.949898646092172172e-01
2.000620068256590001e-01
2.052660873185612189e-01
2.106055381109337432e-01
2.160838805007280483e-01
2.217047273830869136e-01
2.274717856330022714e-01
2.333888585499501456e-01
2.394598483661171950e-01
2.456887588198717054e-01
2.520796977961765051e-01
2.586368800356856901e-01
2.653646299143109788e-01
2.722673842950901757e-01
2.793496954542416533e-01
2.866162340833301458e-01
2.940717923695267966e-01
3.017212871559940557e-01
3.095697631844794850e-01
3.176223964222567031e-01
3.258844974756084367e-01
3.343615150921014911e-01
3.430590397539649006e-01
3.519828073649394762e-01
3.611387030330321934e-01
3.705327649516652611e-01
3.801711883817894821e-01
3.900603297375753731e-01
4.002067107783857103e-01
4.106170229097906854e-01
4.212981315964619555e-01
4.322570808898573147e-01
4.435010980736801001e-01
4.550375984301784360e-01
4.668741901304265807e-01
4.790186792518146830e-01
4.914790749260544711e-01
5.042635946210968223e-01
5.173806695604443728e-01
5.308389502834340856e-01
5.446473123501512914e-01
5.588148621947504058e-01
5.733509431310263027e-01
5.882651415142079454e-01
6.035672930630338051e-01
6.192674893462808416e-01
6.353760844380211825e-01
6.519037017459989869e-01
6.688612410176284495e-01
6.862598855282353583e-01
7.041111094562799710e-01
7.224266854504284296e-01
7.412186923934599436e-01
7.604995233681325351e-01
7.802818938302585883e-01
8.005788499943830017e-01
8.214037774375858580e-01
8.427704099271031701e-01
8.646928384775618426e-01
8.871855206438202801e-01
9.102632900555369666e-01
9.339413661997550964e-01
9.582353644579554297e-01
9.831613064041959671e-01
1.008735630371130121e+00
1.034975202290872476e+00
1.061897326817860421e+00
1.089519758741047228e+00
1.117860714692952895e+00
1.146938885163295563e+00
1.176773446825126745e+00
1.207384075181587635e+00
1.238790957541659354e+00
1.271014806333420122e+00
1.304076872763623385e+00
1.337998960832589734e+00
1.372803441713661199e+00
1.408513268506695448e+00
1.445151991375337452e+00
1.482743773078042393e+00
1.521313404903099631e+00
1.560886323018162658e+00
1.601488625245068853e+00
1.643147088271011746e+00
1.685889185307417382e+00
1.729743104208164350e+00
1.774737766059112376e+00
1.820902844251163888e+00
1.868268784049495812e+00
1.916866822671805526e+00
1.966729009888846580e+00
2.017888229160833102e+00
2.070378219323653290e+00
2.124233596839191218e+00
2.179489878624427668e+00
2.236183505474383715e+00
2.294351866094349379e+00
2.354033321757245556e+00
2.415267231602378661e+00
2.478093978592282198e+00
2.542554996144749335e+00
2.608692795457636660e+00
2.676550993544424273e+00
2.746174341999090718e+00
2.817608756509188961e+00
2.890901347136643373e+00
2.966100449386221971e+00
3.043255656082168414e+00
3.122417850074018730e+00
3.203639237793178829e+00
3.286973383682379346e+00
3.372475245520728748e+00
3.460201210667646521e+00
3.550209133249590643e+00
3.642558372314097070e+00
3.737309830976292879e+00
3.834525996583711294e+00
3.934270981925875432e+00
4.036610567515825920e+00
4.141612244971548229e+00
4.249345261525779627e+00
4.359880665693667723e+00
4.473291354128330788e+00
4.589652119695248444e+00
4.709039700797180927e+00
4.831532831982136678e+00
4.957212295867781116e+00
5.086160976416515211e+00
5.218463913596365522e+00
5.354208359463727085e+00
5.493483835704954465e+00
5.636382192674746605e+00
5.782997669970261434e+00
5.933426958580853672e+00
6.087769264654586010e+00
6.246126374923339775e+00
6.408602723829843306e+00
6.575305462400820922e+00
6.746344528911699889e+00
6.921832721389455045e+00
7.101885772001439889e+00
7.286622423379229829e+00
7.476164506927841735e+00
7.670637023171947178e+00
7.870168224192086726e+00
8.074889698205232946e+00
8.284936456345509015e+00
8.500447021702251860e+00
8.721563520674207481e+00
8.948431776699955265e+00
9.181201406426664491e+00
9.420025918380245500e+00
9.665062814202231678e+00
9.916473692520051841e+00
1.017442435551921598e+01
1.043908491828767993e+01
1.071062992100452504e+01
1.098923844404692396e+01
1.127509422609129963e+01
1.156838578528659411e+01
1.186930654357949955e+01
1.217805495427372264e+01
1.249483463290733631e+01
1.281985449153457424e+01
1.315332887650052562e+01
1.349547770979986616e+01
1.384652663411246110e+01
1.420670716161177083e+01
1.457625682664410682e+01
1.495541934237941817e+01
1.534444476153695192e+01
1.574358964129175043e+01
1.615311721247072896e+01
1.657329755314999176e+01
1.700440776676777688e+01
1.744673216487055001e+01
1.790056245461273932e+01
1.836619793113381860e+01
1.884394567493950490e+01
1.933412075441737343e+01
1.983704643362022679e+01
2.035305438545467993e+01
2.088248491041499832e+01
2.142568716100683091e+01
2.198301937200873724e+01
2.255484909672331639e+01
2.314155344937383774e+01
2.374351935380609646e+01
2.436114379865967194e+01
2.499483409917670329e+01
2.564500816582097897e+01
2.631209477988443268e+01
2.699653387626277379e+01
2.769877683358681963e+01
2.841928677190083263e+01
2.915853885808392221e+01
2.991702061921671429e+01
3.069523226409886973e+01
3.149368701313027685e+01
3.231291143677321287e+01
3.315344580281868758e+01
3.401584443268593816e+01
3.490067606699020075e+01
3.580852424061968975e+01
3.673998766756920986e+01
3.769568063578423533e+01
3.867623341227572098e+01
3.968229265877300804e+01
4.071452185818876046e+01
4.177360175217724958e+01
4.286023079007465242e+01
4.397512558951694928e+01
4.511902140904034297e+01
4.629267263297434454e+01
4.749685326894841353e+01
4.873235745833993349e+01
4.999999999999997158e+01
