1.000000000000000021e-02 1.467313755906188395e-05 4.221227257071539650e-05 8.134878601250093016e-05
1.021002147458398637e-02 1.418673653049666307e-05 4.067975815502851162e-05 7.778155242453225874e-05
1.042445385114661519e-02 1.378236990061089375e-05 3.902572516798560339e-05 7.461845622485402028e-05
1.064338976810166870e-02 1.335972675674201297e-05 3.774088075706293218e-05 7.125950287693080115e-05
1.086692380946855177e-02 1.291058990600024322e-05 3.612143110579478197e-05 6.859265467216649073e-05
1.109515254573419270e-02 1.258500794431890771e-05 3.481944997334914253e-05 6.583575071262461466e-05
1.132817457557312897e-02 1.221245513965426981e-05 3.373320043877235441e-05 6.284684569716449327e-05
1.156609056844379833e-02 1.177650859691050290e-05 3.257674485308828045e-05 5.943301283550965134e-05
1.180900330807944931e-02 1.139196421205560320e-05 3.160109528711316538e-05 5.816849908029625118e-05
1.205701773689245131e-02 1.102944033543614415e-05 3.052336875375838958e-05 5.591638825391646861e-05
1.231024100131119375e-02 1.071647273509073131e-05 2.948942720375500852e-05 5.381656433774996678e-05
1.256878249806915593e-02 1.040549787325398617e-05 2.865936554557466976e-05 5.227019231381353461e-05
1.283275392146614353e-02 1.012184862732130132e-05 2.788238600055951364e-05 5.077178007633550972e-05
1.310226931162212019e-02 9.838664832675472183e-06 2.697914476549866125e-05 4.993364584383497322e-05
1.337744510374445917e-02 9.557845914594258516e-06 2.647294475956660288e-05 4.878526099424414204e-05
1.365840017842993165e-02 9.363209622349655151e-06 2.591664877793457760e-05 4.739586299895519176e-05
1.394525591302313641e-02 9.210253685320461532e-06 2.552745855277425117e-05 4.651618278978177795e-05
1.423813623405355278e-02 9.044299899205406033e-06 2.505667522872484726e-05 4.590110692708117567e-05
1.453716767077391399e-02 8.892492159891841015e-06 2.457824173805262107e-05 4.503746464327991570e-05
1.484247940982297460e-02 8.761999600393204931e-06 2.432775755589528557e-05 4.489165558054960517e-05
1.515420335103632131e-02 8.624052297133119919e-06 2.423983899104928554e-05 4.452441409084002989e-05
1.547247416442934509e-02 8.538576355536610371e-06 2.390715447914403555e-05 4.355241904414249721e-05
1.579742934837695401e-02 8.437907953200629577e-06 2.374712536460624025e-05 4.287333573174427270e-05
1.612920928901519918e-02 8.375354639952999083e-06 2.363680690174734897e-05 4.192007260951562749e-05
1.646795732089047226e-02 8.321123766297183909e-06 2.337630092990392519e-05 4.156419960073245767e-05
1.681381978888241840e-02 8.273376787434916720e-06 2.320537228268607872e-05 4.102210938058012900e-05
1.716694611142747032e-02 8.194003258088949880e-06 2.308226031656696796e-05 4.054942864664584147e-05
1.752748884507005292e-02 8.151901592258470929e-06 2.302724253637398503e-05 4.049488079248223258e-05
1.789560375036965134e-02 8.125064614604644411e-06 2.288307295060451878e-05 4.004384829447215168e-05
1.827144985919198356e-02 8.065510535961310291e-06 2.268860845283908744e-05 3.989154128880222728e-05
1.865518954341347305e-02 8.010191721785190984e-06 2.258263211371495290e-05 4.007744050382263019e-05
1.904698858506861936e-02 7.991409260620285164e-06 2.254050045175776039e-05 4.014049101284617794e-05
1.944701624797066583e-02 7.963689524217707998e-06 2.247863137229803797e-05 4.013643007259538517e-05
1.985544535083641829e-02 7.941177521238876390e-06 2.239683739758583048e-05 4.013891690806384625e-05
2.027245234194685955e-02 7.928269277448825195e-06 2.251841966542887302e-05 4.009256423081088551e-05
2.069821737537578740e-02 7.917807115677707146e-06 2.237982458902305005e-05 4.030791950334209803e-05
2.113292438881941848e-02 7.916726121799933828e-06 2.247214032473040637e-05 3.985282577411867816e-05
2.157676118306059085e-02 7.927522422798830137e-06 2.254793059122814689e-05 4.013684993865603262e-05
2.202991950310188157e-02 7.911561339425413224e-06 2.247221115264693621e-05 4.063785894421991971e-05
2.249259512100268074e-02 7.896735277122015191e-06 2.246487481274638971e-05 4.118434196311512321e-05
2.296498792045603698e-02 7.847901533284587207e-06 2.250429711136661370e-05 4.135987930912831236e-05
2.344730198314179739e-02 7.833883460923857358e-06 2.254127437551489563e-05 4.155523325433533905e-05
2.393974567689334532e-02 7.843192230213630721e-06 2.244875427428579743e-05 4.129572082946037436e-05
2.444253174571602016e-02 7.794626262424015015e-06 2.250996255262127172e-05 4.150264282148336350e-05
2.495587740169613600e-02 7.782054618751173291e-06 2.239788023219502740e-05 4.162873897149907952e-05
2.548000441884027550e-02 7.760408330952638258e-06 2.238179408999060313e-05 4.169764328490880477e-05
2.601513922888541025e-02 7.768885731400632474e-06 2.242036894728360844e-05 4.146436086468875904e-05
2.656151301912123078e-02 7.771696672006412311e-06 2.238144647196751178e-05 4.182962798482818984e-05
2.711936183226698951e-02 7.788260398982635465e-06 2.249545895627186264e-05 4.170003288570907276e-05
2.768892666844592967e-02 7.769740630386450013e-06 2.248836510985792418e-05 4.182670717300841377e-05
2.827045358930141764e-02 7.771895969264552278e-06 2.246442801011588869e-05 4.192582844682842723e-05
2.886419382429974284e-02 7.782658616001018827e-06 2.233895370956453011e-05 4.238717315997964042e-05
2.947040387926548252e-02 7.758442900192665578e-06 2.228631231230982957e-05 4.266486734026956918e-05
3.008934564719637980e-02 7.755412413779282519e-06 2.232517341990803919e-05 4.268650719007602751e-05
3.072128652140552335e-02 7.811268529839430558e-06 2.224400455534788202e-05 4.277289460922203897e-05
3.136649951103979983e-02 7.771635632858057006e-06 2.237693401134204443e-05 4.269908406544413931e-05
3.202526335902442650e-02 7.776858035114447230e-06 2.225620701832360416e-05 4.346277639624471749e-05
3.269786266248470713e-02 7.780068397258649854e-06 2.234568298221939814e-05 4.376159995293683479e-05
3.338458799569667818e-02 7.802947624109025248e-06 2.236270440670820201e-05 4.315580871681014898e-05
3.408573603562018578e-02 7.813850549356583856e-06 2.239239509888997064e-05 4.239255366507003905e-05
3.480160969006833305e-02 7.846792631949305442e-06 2.254371753185709231e-05 4.249214307119075795e-05
3.553251822856878100e-02 7.848498673300440958e-06 2.263417885521601809e-05 4.218889596497512760e-05
3.627877741597342054e-02 7.864858777542050835e-06 2.277366846805874568e-05 4.249626324642751944e-05
3.704070964887411915e-02 7.890894059908188580e-06 2.273008056073851793e-05 4.277365955349008250e-05
3.781864409488350232e-02 7.900699577456611811e-06 2.292449364945839030e-05 4.250116396191153768e-05
3.861291683484094350e-02 7.907362628399229761e-06 2.279474804793641860e-05 4.271589933558874065e-05
3.942387100800515132e-02 7.910556731051410635e-06 2.279211459013469481e-05 4.300483222966823300e-05
4.025185696029616456e-02 7.907146469284843598e-06 2.290871292231837661e-05 4.322187107473080415e-05
4.109723239565067632e-02 7.926021888552410956e-06 2.285924114377539120e-05 4.384709087393065638e-05
4.196036253055620419e-02 7.978320293097029470e-06 2.273632993086260930e-05 4.422517138639059131e-05
4.284162025183081007e-02 8.013112841259146217e-06 2.291930664460232773e-05 4.437817576902287268e-05
4.374138627771648191e-02 8.018461495365431348e-06 2.314742630564405897e-05 4.386378560918044835e-05
4.466004932235585756e-02 8.019906157866770789e-06 2.300978451569838561e-05 4.371096483456287767e-05
4.559800626372333132e-02 8.047814121279753944e-06 2.324584429131507519e-05 4.441659062207013449e-05
4.655566231508303371e-02 8.070185444720235894e-06 2.348823985384025276e-05 4.393696984645346644e-05
4.753343120004781958e-02 8.054963282333467938e-06 2.371073958833943223e-05 4.440105885875854217e-05
4.853173533131487083e-02 8.026961560100195396e-06 2.392441519672808292e-05 4.410730701624715868e-05
4.955100599315512278e-02 8.149161204827238769e-06 2.414360001598933291e-05 4.470267577467994149e-05
5.059168352773536076e-02 8.244543354372259059e-06 2.446249766979823189e-05 4.546505881845169534e-05
5.165421752535349215e-02 8.289704230247419919e-06 2.468174798655186372e-05 4.613040710166944647e-05
5.273906701866916402e-02 8.328575600462986280e-06 2.486182025747062742e-05 4.657640364512181236e-05
5.384670068101362478e-02 8.434584358781403040e-06 2.506161686375762076e-05 4.675849683583892442e-05
5.497759702886452493e-02 8.580550460749023536e-06 2.522423221219015826e-05 4.727660303286296289e-05
5.613224462857315661e-02 8.708672707443842234e-06 2.542848184137522821e-05 4.745130847735457832e-05
5.731114230743335203e-02 8.802629816887565126e-06 2.559295361788000646e-05 4.731916080137676326e-05
5.851479936918333596e-02 8.906528288167908503e-06 2.600486954895486099e-05 4.862705348596260761e-05
5.974373581403354116e-02 8.956761072286144437e-06 2.613620963239415487e-05 4.987515867599263953e-05
6.099848256331548424e-02 9.001625280634499400e-06 2.618004223382268102e-05 5.061306709271981921e-05
6.227958168884879103e-02 9.098343471205172159e-06 2.649273935205951515e-05 5.038053922793360814e-05
6.358758664712538256e-02 9.172151877695012409e-06 2.666277415583908722e-05 4.951500863676376520e-05
6.492306251841201137e-02 9.122316116340345788e-06 2.665926430249698575e-05 4.894121620964552864e-05
6.628658625087452405e-02 9.099135124004179879e-06 2.642901347466216218e-05 4.915965212135286366e-05
6.767874690982925157e-02 9.064266255221482032e-06 2.624939006568339936e-05 4.873886019936603546e-05
6.910014593222912893e-02 9.011220332504869614e-06 2.628966302871630292e-05 4.792439083053716772e-05
7.055139738649467140e-02 9.142575887070852422e-06 2.651435304576267907e-05 4.758324481459469814e-05
7.203312823780190499e-02 9.115523656242578016e-06 2.684570702519693841e-05 4.833984505124132997e-05
7.354597861894196509e-02 9.161505765682085908e-06 2.642231384357868082e-05 4.780462646429239318e-05
7.509060210686921422e-02 9.291309797225058507e-06 2.687590254709450142e-05 4.815124231106509336e-05
7.666766600505761642e-02 9.412635832904955448e-06 2.742457457872266805e-05 4.847617217196216092e-05
7.827785163178710426e-02 9.477086346016734501e-06 2.776632680265364860e-05 4.980566988759623539e-05
7.992185461448454709e-02 9.569845220164075760e-06 2.823947132000024536e-05 5.098013766389603290e-05
8.160038519024664927e-02 9.689629882491429167e-06 2.857904628434815517e-05 5.163928755221494746e-05
8.331416851267432755e-02 9.777158084887007985e-06 2.907731426552341111e-05 5.173811731916194511e-05
8.506394496515139181e-02 9.872783065852457798e-06 2.941552386606172140e-05 5.311919520009188015e-05
8.685047048070260178e-02 9.987682981029380282e-06 2.973571746913109562e-05 5.434381261638451284e-05
8.867451686856961390e-02 9.962465954714327308e-06 2.973397704830892902e-05 5.467647742120777468e-05
9.053687214764558067e-02 1.000074405166589203e-05 2.979044424982606819e-05 5.360514406494739623e-05
9.243834088691260664e-02 1.005694562385013671e-05 2.992703249879521642e-05 5.602117221812434161e-05
9.437974455302927668e-02 1.015686817475773203e-05 3.056811871182296052e-05 5.679252204775172869e-05
9.636192186521798375e-02 1.033494646295865846e-05 3.100265901533957863e-05 5.797130720781466578e-05
9.838572915760598891e-02 1.063375175064412053e-05 3.151473178610974656e-05 5.978898189552067850e-05
1.004520407491760470e-01 1.095311758203848138e-05 3.269368898517218509e-05 6.106322036277671316e-05
1.025617493214873027e-01 1.120765348415869554e-05 3.407633101589941402e-05 6.279778922039114947e-05
1.047157663043284948e-01 1.164705954927985329e-05 3.519240118555706299e-05 6.522327349222028050e-05
1.069150222694712216e-01 1.194333414210912753e-05 3.656143761586646141e-05 6.725410208196168881e-05
1.091604673326926206e-01 1.220881066701631613e-05 3.703173166231955561e-05 6.989103915044871020e-05
1.114530715642415432e-01 1.229021304732424260e-05 3.779056176547676988e-05 7.057663385182922874e-05
1.137938254079251948e-01 1.238033304970749253e-05 3.773482016831188204e-05 7.116860573747734191e-05
1.161837401089977073e-01 1.229090843522514700e-05 3.827027761595968490e-05 7.287994053693597695e-05
1.186238481510351467e-01 1.232730655948561022e-05 3.778612792958989554e-05 7.586712372126403869e-05
1.211152037019858768e-01 1.224808317366735221e-05 3.770001444505664329e-05 7.788227265250156634e-05
1.236588830695889707e-01 1.235370415406559891e-05 3.763890545988081448e-05 7.678782237266442757e-05
1.262559851663573596e-01 1.261643952238408712e-05 3.791791336283506769e-05 7.392892873319022108e-05
1.289076319843265872e-01 1.288710816162985719e-05 3.925928731454700950e-05 7.421687748176480296e-05
1.316149690797743799e-01 1.333222140720229546e-05 3.982907870225277114e-05 7.539299637321030976e-05
1.343791660681203926e-01 1.377096527044982570e-05 4.148683796017709960e-05 8.010122420024426426e-05
1.372014171292196827e-01 1.432054281148516598e-05 4.296881210956093395e-05 8.307078726365738411e-05
1.400829415232688335e-01 1.449107295268246141e-05 4.362072991780253640e-05 8.373047393373774037e-05
1.430249841175467440e-01 1.474374895526052255e-05 4.396556729792555114e-05 8.550693739166850989e-05
1.460288159242185968e-01 1.452947389124974070e-05 4.285256850343083663e-05 8.727142362597056400e-05
1.490957346494343749e-01 1.429877900620580071e-05 4.329224765820576990e-05 8.542280652360135932e-05
1.522270652539600699e-01 1.397988844718690787e-05 4.292991535318897950e-05 8.865689231549032283e-05
1.554241605255829994e-01 1.398931990081821670e-05 4.304146594926142353e-05 8.892357098150570393e-05
1.586884016635391192e-01 1.436748108842923573e-05 4.496264003839255254e-05 9.055112637305058154e-05
1.620211988752143506e-01 1.488940929696820097e-05 4.760006870546479795e-05 9.222501830367589549e-05
1.654239919853781604e-01 1.557138073739354803e-05 4.971871539728844728e-05 1.015004878000226113e-04
1.688982510582120178e-01 1.607927860082612460e-05 5.219169861432975907e-05 1.043776961136338516e-04
1.724454770324022057e-01 1.655907525583112324e-05 5.292637656886042542e-05 1.059531547602049565e-04
1.760672023695706301e-01 1.655252528002541917e-05 5.321542172152561183e-05 1.027441494993639696e-04
1.797649917163240685e-01 1.650999907382690387e-05 5.326472042057951207e-05 1.044271320030668379e-04
1.835404425802081019e-01 1.646932972289898915e-05 5.346222185360066653e-05 1.058172962761606622e-04
1.873951860198573849e-01 1.677948242153131126e-05 5.335961973197147855e-05 1.057124541666637838e-04
1.913308873496404605e-01 1.725031772686421667e-05 5.314018510968494807e-05 1.109241849567548649e-04
1.953492468591038755e-01 1.773688048912986986e-05 5.325860941208620099e-05 1.120132877956858420e-04
1.994520005475258762e-01 1.796964512206282937e-05 5.449743165705470154e-05 1.126368495395565242e-04
2.036409208738976240e-01 1.811470117855527775e-05 5.654206956259850818e-05 1.123084884985927690e-04
2.079178175226553127e-01 1.845051639935314040e-05 5.680810056450191856e-05 1.185514083465593086e-04
2.122845381854945590e-01 1.877881671928347638e-05 5.799024735647933962e-05 1.199936580162153018e-04
2.167429693596043538e-01 1.866593813682040958e-05 5.908239564942308292e-05 1.227499046213736998e-04
2.212950371626659363e-01 1.916140828989008164e-05 5.972909557628821361e-05 1.257307151688444237e-04
2.259427081649679481e-01 1.984086264424025377e-05 6.198317438034526628e-05 1.319294383013204801e-04
2.306879902389985249e-01 2.038782827193851295e-05 6.325298646666549821e-05 1.389713568479724714e-04
2.355329334268796149e-01 2.044536943922264065e-05 6.587411539065521490e-05 1.371561527976866528e-04
2.404796308260201132e-01 2.048793373453051679e-05 6.651384836380030323e-05 1.414967801907013659e-04
2.455302194933694504e-01 2.059716197997463609e-05 6.814775391672621820e-05 1.424889614996145682e-04
2.506868813686621844e-01 2.062274741675021537e-05 6.751954461731203842e-05 1.422748277917158029e-04
2.559518442170529151e-01 2.105018032980632430e-05 6.811500134861474970e-05 1.413372139069791577e-04
2.613273825915485293e-01 2.172475609477609744e-05 6.886159326752759656e-05 1.421930693887500749e-04
2.668158188156535826e-01 2.245688984811247888e-05 7.034844748000073777e-05 1.405045787236136633e-04
2.724195239866533114e-01 2.248417386841601291e-05 7.209466389339268494e-05 1.426514682253317572e-04
2.781409189999677900e-01 2.243782148074214286e-05 7.352998056760777685e-05 1.532679615279286837e-04
2.839824755950196011e-01 2.275962259379265922e-05 7.590620488101574583e-05 1.573608994514367500e-04
2.899467174230673239e-01 2.360022152434896185e-05 7.644654942794723660e-05 1.595528398426517014e-04
2.960362211374651942e-01 2.409934656481030449e-05 7.776389565562297169e-05 1.576674662804354392e-04
3.022536175068213371e-01 2.402965147250563782e-05 7.901540996476329702e-05 1.657093216055016379e-04
3.086015925515340208e-01 2.398761639196595759e-05 7.980044342262254231e-05 1.666445682816022488e-04
3.150828887041979831e-01 2.453494351760720290e-05 8.122308802121552460e-05 1.749838951432473963e-04
3.217003059943817633e-01 2.516787952379518901e-05 8.350720976354725591e-05 1.710342700099842632e-04
3.284567032582877411e-01 2.551575010290785603e-05 8.436926926617782749e-05 1.698553630207741188e-04
3.353549993738177970e-01 2.524914943136453806e-05 8.261379070071467789e-05 1.679642249570888928e-04
3.423981745215778916e-01 2.530583573769642326e-05 8.280034212189105885e-05 1.817758826177147684e-04
3.495892714723665695e-01 2.618722384042250072e-05 8.723180220477567601e-05 1.988725860833787714e-04
3.569313969017033905e-01 2.706887686076851348e-05 9.073357465861454441e-05 1.901943675809888968e-04
3.644277227319651646e-01 2.683996954405082637e-05 8.944281022370782958e-05 1.807896369169976515e-04
3.720814875027103064e-01 2.633967907944058802e-05 9.003383675362100556e-05 1.953175967002126513e-04
3.798959977697825563e-01 2.646571424480228773e-05 8.970956410100226926e-05 1.967164508067275241e-04
3.878746295337989758e-01 2.718595885310360057e-05 9.022624010392088967e-05 1.894219843799411411e-04
3.960208296986395538e-01 2.746683405138494442e-05 9.168920593279900738e-05 1.983923254480695968e-04
4.043381175605677558e-01 2.722048572829997205e-05 9.184175299062061128e-05 2.075920385959959067e-04
4.128300863286261113e-01 2.663965084848733499e-05 9.102271385185750532e-05 2.098352795161168081e-04
4.215004046769633694e-01 2.696138480636367534e-05 9.342247864856711233e-05 1.967480532983182132e-04
4.303528183297636867e-01 2.729996354715436449e-05 9.712899856074012667e-05 2.070527584911550250e-04
4.393911516794627992e-01 2.711321417074060688e-05 9.720665918386630928e-05 2.156606383181602156e-04
4.486193094389504532e-01 2.669181554785536578e-05 9.212694657577600557e-05 2.000848127843336019e-04
4.580412783284723011e-01 2.642172450698731216e-05 9.343062023637670828e-05 1.977929096165222610e-04
4.676611287979602349e-01 2.663429705963012869e-05 9.619250769579740679e-05 2.117428148960139283e-04
4.774830167855361740e-01 2.643594226108283591e-05 9.668352359209894046e-05 2.151599726706369638e-04
4.875111855129470317e-01 2.595242362160878115e-05 9.492293157614701681e-05 2.103522518018281079e-04
4.977499673187086859e-01 2.676450432855289458e-05 9.921303140313401329e-05 2.170392581552334167e-04
5.082037855297493190e-01 2.688750049242607298e-05 9.913628355487340965e-05 2.222248525417020349e-04
5.188771563723615365e-01 2.679596383227507295e-05 9.605709394780158361e-05 2.239976835149213154e-04
5.297746909232884382e-01 2.658764120571620665e-05 9.921612019170129794e-05 2.259434894932135828e-04
5.409010971017869096e-01 2.728691620032858600e-05 1.039333523645261570e-04 2.369191941667335671e-04
5.522611817035278925e-01 2.743269941952055475e-05 1.092928320451739535e-04 2.491159485327184100e-04
5.638598524772149290e-01 2.765453672997788919e-05 1.115807319734363163e-04 2.600396236045863130e-04
5.757021202448122654e-01 2.853996828599531153e-05 1.174293830958798515e-04 2.776962684181098068e-04
5.877931010663065559e-01 2.918035799667852744e-05 1.179016547058301263e-04 2.900700970031166049e-04
6.001380184499305326e-01 2.956850739662512814e-05 1.196415630798059013e-04 2.979966615357333899e-04
6.127422056088071001e-01 2.980862601853278507e-05 1.219316590581102461e-04 2.927192688817198277e-04
6.256111077649877394e-01 2.983257237687474299e-05 1.218990643060267101e-04 2.899749480668537276e-04
6.387502845018800945e-01 2.980730603740208636e-05 1.215172779462060719e-04 2.820374315681283581e-04
6.521654121660825920e-01 3.051923876237089430e-05 1.213832278400043364e-04 2.897774765791223716e-04
6.658622863196620445e-01 3.107243558218467067e-05 1.230357531152525511e-04 2.973869126723406044e-04
6.798468242439340559e-01 3.149914928888435296e-05 1.232928573368515207e-04 2.970681628745734161e-04
6.941250674958291400e-01 3.173528850945895864e-05 1.248415677719975686e-04 3.117385121106800772e-04
7.087031845179474487e-01 3.203103008694498522e-05 1.251330511855159862e-04 3.129798161455310535e-04
7.235874733034300954e-01 3.220231812876747760e-05 1.269490114861133914e-04 3.193279269035026284e-04
7.387843641167988196e-01 3.259213064914529977e-05 1.290587231286018219e-04 3.248184107927026896e-04
7.543004222719390528e-01 3.275816857047933272e-05 1.304780701656871507e-04 3.234989517131119357e-04
7.701423509684267588e-01 3.294250468337156821e-05 1.320954304216108302e-04 3.270932795362184800e-04
7.863169941874234015e-01 3.302181571070180572e-05 1.311718234596528638e-04 3.280688785093020246e-04
8.028313396483924835e-01 3.316148655194555990e-05 1.327638949123090414e-04 3.234124908150459135e-04
8.196925218279117464e-01 3.324815392871367201e-05 1.326725599295943824e-04 3.198023632612666603e-04
8.369078250418880982e-01 3.346007875754269142e-05 1.336032838502890186e-04 3.274723152839558284e-04
8.544846865925055379e-01 3.395365611019203348e-05 1.342234478776015887e-04 3.344113701211793178e-04
8.724306999812648789e-01 3.421868873697462117e-05 1.354443831793847872e-04 3.380472684242746806e-04
8.907536181895053806e-01 3.465522299660165240e-05 1.352376430587445388e-04 3.446979845151396430e-04
9.094613570278234915e-01 3.480262820736885896e-05 1.382874901484281241e-04 3.491597081443012637e-04
9.285619985558370981e-01 3.499186751798692143e-05 1.386781415545007491e-04 3.628288997857404257e-04
9.480637945737722116e-01 3.530316848430763204e-05 1.412302049290022358e-04 3.648353875334139278e-04
9.679751701873794412e-01 3.545656636143157658e-05 1.421080950364622902e-04 3.734441032483627244e-04
9.883047274477233524e-01 3.578817477107399330e-05 1.426391479035510476e-04 3.762037886409851204e-04
1.009061249067412458e+00 3.584439324115425715e-05 1.455213883309929501e-04 3.791003240978706103e-04
1.030253702214882106e+00 3.633964461567180037e-05 1.471731051583462051e-04 3.818056811763058259e-04
1.051891242388360181e+00 3.674057802481666101e-05 1.477950958967014043e-04 3.936988707757803634e-04
1.073983217371198728e+00 3.686296916064876798e-05 1.512443494477797446e-04 4.010788874553834022e-04
1.096539171270273894e+00 3.718350950042574924e-05 1.533291157691914696e-04 4.068373320109042917e-04
1.119568848639202585e+00 3.748836826333877320e-05 1.563385984031597940e-04 4.104427764316295594e-04
1.143082198688152529e+00 3.774793123746842066e-05 1.584595139491506348e-04 4.135154452995099266e-04
1.167089379582071595e+00 3.816676205751977596e-05 1.617321371271355905e-04 4.118149645722210170e-04
1.191600762829185367e+00 3.844029164057159433e-05 1.654702772925252855e-04 4.197817520539017769e-04
1.216626937761664085e+00 3.921292664029293651e-05 1.671529443445139923e-04 4.237834145960281407e-04
1.242178716110394543e+00 3.946790232517966268e-05 1.705831445273830115e-04 4.248907748964675011e-04
1.268267136675829354e+00 3.986005734152166209e-05 1.735326311600462698e-04 4.403543088246955313e-04
1.294903470096936182e+00 3.996670376444165084e-05 1.773344972416661294e-04 4.403299270585416870e-04
1.322099223720304195e+00 4.012538219178559751e-05 1.814049700702176761e-04 4.459874384297222256e-04
1.349866146571512271e+00 4.083861457344554444e-05 1.821673879856930043e-04 4.501626432891418349e-04
1.378216234430907683e+00 4.102257364931074639e-05 1.825566437778635158e-04 4.566426654264261966e-04
1.407161735015984405e+00 4.146311804780292311e-05 1.853337935507021552e-04 4.517918049281335847e-04
1.436715153272606127e+00 4.168362871296415063e-05 1.866423871242602127e-04 4.562198894273811959e-04
1.466889256777353268e+00 4.217751240300719046e-05 1.895829449779744941e-04 4.575568727005351229e-04
1.497697081253331897e+00 4.255508571020245976e-05 1.932517492720193175e-04 4.684253085656071088e-04
1.529151936201827766e+00 4.271719174396694751e-05 1.954113001303701719e-04 4.815547382614868057e-04
1.561267410652234400e+00 4.293379288335810116e-05 1.964044281266046554e-04 4.881927870406755016e-04
1.594057379032744803e+00 4.302984313684256725e-05 1.978445851975497050e-04 5.003197799044585515e-04
1.627536007164338772e+00 4.353988732833775720e-05 1.977076568741496473e-04 5.030043649592370230e-04
1.661717758380657717e+00 4.366549831862741999e-05 1.990054903782282952e-04 5.091176423190663276e-04
1.696617399776407797e+00 4.409450971441295874e-05 2.002711054309258380e-04 5.200294356146844925e-04
1.732250008586996737e+00 4.484963022450928825e-05 2.005937599679758875e-04 5.172401067972447414e-04
1.768630978702153245e+00 4.584103620079702283e-05 2.007578846087797848e-04 5.160975015531517416e-04
1.805776027316347676e+00 4.638340268994417445e-05 2.056926675010259647e-04 5.161605787185238317e-04
1.843701201718886962e+00 4.672448721976657493e-05 2.058679828835090241e-04 5.169331317864503698e-04
1.882422886226613912e+00 4.722319581190145458e-05 2.063745748861709481e-04 5.221207065985995592e-04
1.921957809262209604e+00 4.730470862042659199e-05 2.059338750413645307e-04 5.335543831485518342e-04
1.962323050581155304e+00 4.720523546976149339e-05 2.065853181259884850e-04 5.561919401015126291e-04
2.003536048650475188e+00 4.747881860210333431e-05 2.081555575169792669e-04 5.541997448790173105e-04
2.045614608182449778e+00 4.807308474081806003e-05 2.086557401869268337e-04 5.556273705018591712e-04
2.088576907826551921e+00 4.909199189362435260e-05 2.108731887114941700e-04 5.584571192444410864e-04
2.132441508022931753e+00 4.970058978380258120e-05 2.135433314539012027e-04 5.647796100294904175e-04
2.177227359020839081e+00 4.988209213624982978e-05 2.160921885786448368e-04 5.738168437311898370e-04
2.222953809065454589e+00 5.031250355834912096e-05 2.189323845565606104e-04 5.805604159031425848e-04
2.269640612756656406e+00 5.144552236734534906e-05 2.199491841006656655e-04 5.930103839950532458e-04
2.317307939583341803e+00 5.207328430590653628e-05 2.198041475273853392e-04 6.023251115835813680e-04
2.365976382636989062e+00 5.234493075820186069e-05 2.218533410366720657e-04 6.001851112257637752e-04
2.415666967508219631e+00 5.216819283576265668e-05 2.230050579836917923e-04 6.037862608131202690e-04
2.466401161370209927e+00 5.250441607608296798e-05 2.226036286537087436e-04 6.056398167783802206e-04
2.518200882252872752e+00 5.337754853111021010e-05 2.251033724651454668e-04 6.026544389837194858e-04
2.571088508511817139e+00 5.460642085736422256e-05 2.272980644219692694e-04 6.106255671725360984e-04
2.625086888496176218e+00 5.513848148276880885e-05 2.300443083377997592e-04 6.205610963873540954e-04
2.680219350419482005e+00 5.559966097664428174e-05 2.312476275608200862e-04 6.210848366642479114e-04
2.736509712437845465e+00 5.558501261719060792e-05 2.340513511208698323e-04 6.329483799465509316e-04
2.793982292939805046e+00 5.623056932363062002e-05 2.359433486608543255e-04 6.363697189367057598e-04
2.852661921052281446e+00 5.748307602173404509e-05 2.387780073699080250e-04 6.587501272492963253e-04
2.912573947367180338e+00 5.869622271035235229e-05 2.415504696547470485e-04 6.637624799730891924e-04
2.973744254893275762e+00 5.871068893353924376e-05 2.411122009640527227e-04 6.555635533150748137e-04
3.036199270238110426e+00 5.866654127308813539e-05 2.411506269337081339e-04 6.554803501302879955e-04
3.099965975024733478e+00 6.036143479039791964e-05 2.416877058888146910e-04 6.605521584871593913e-04
3.165071917548221592e+00 6.162854483592512822e-05 2.448108778772729193e-04 6.547858340506595510e-04
3.231545224677005557e+00 6.298463319786579563e-05 2.469448668086077735e-04 6.681835924670148294e-04
3.299414614004156032e+00 6.376342574480719898e-05 2.503074596888765508e-04 6.720860046312895084e-04
3.368709406253866945e+00 6.292216574544414864e-05 2.526935936389347907e-04 6.803476934516893915e-04
3.439459537948505119e+00 6.227841794450492119e-05 2.513691504479911268e-04 6.836471683678598107e-04
3.511695574341695103e+00 6.426332346212091642e-05 2.546519780134510937e-04 6.860949587568561815e-04
3.585448722623025386e+00 6.644655489624260965e-05 2.636482585809599827e-04 7.096547401140628018e-04
3.660750845400081221e+00 6.789561682566396417e-05 2.683019550996165064e-04 7.145815408157989851e-04
3.737634474463630951e+00 6.821105710554888795e-05 2.732491815686130488e-04 7.134531080281604877e-04
3.816132824841910409e+00 6.907344568972086834e-05 2.758270432609120242e-04 7.223234438785570413e-04
3.896279809150075657e+00 7.139363109036534925e-05 2.802716501334418875e-04 7.538247156584749163e-04
3.978110052241026651e+00 7.438216790974199865e-05 2.867213345809672422e-04 7.433010498928347949e-04
4.061658906163930993e+00 7.742049683176813711e-05 2.935805952175690172e-04 7.519594070892803234e-04
4.146962465436903500e+00 7.847110486595800026e-05 3.011231549132807541e-04 7.627816244307636341e-04
4.234057582640454065e+00 7.917752627609494609e-05 3.118321273823369973e-04 7.830306066380134664e-04
4.322981884338419789e+00 7.989174176535490690e-05 3.132047826466270637e-04 8.065992230627779588e-04
4.413773787333281184e+00 8.283441951726760446e-05 3.242074248845199500e-04 8.300240980665391085e-04
4.506472515262869294e+00 8.669012259758244782e-05 3.375029607421940205e-04 8.665206633998094425e-04
4.601118115545640208e+00 8.987292816348211710e-05 3.455753638894359285e-04 8.794919515746288125e-04
4.697751476681839122e+00 9.313441146898437961e-05 3.595922179489288652e-04 9.159704337309455824e-04
4.796414345918020850e+00 9.836550415358706633e-05 3.727815286142973890e-04 9.630900145003946965e-04
4.897149347282570453e+00 1.041329966281140189e-04 3.885536323544096986e-04 1.020511680987424641e-03
5.000000000000000888e+00 1.118631728552838206e-04 4.120677796552994245e-04 1.074200164519063501e-03
