1.000000000000000021e-02 2.722268608036043191e-04 7.475570856910392645e-04 1.502566433421206578e-03
1.021002147458398637e-02 2.625066327206612617e-04 7.132824659674122034e-04 1.440066764325047526e-03
1.042445385114661519e-02 2.519890047586810142e-04 6.856622185446478420e-04 1.379873959908293904e-03
1.064338976810166870e-02 2.423985928127891519e-04 6.650624660498923729e-04 1.330276475497017222e-03
1.086692380946855177e-02 2.351382610284113669e-04 6.449147961295550882e-04 1.270669550420046225e-03
1.109515254573419270e-02 2.284721683923458748e-04 6.295954227095661810e-04 1.235942685666253232e-03
1.132817457557312897e-02 2.237451030864304441e-04 6.154166896850099804e-04 1.232619342624222082e-03
1.156609056844379833e-02 2.175412847840667405e-04 6.026647346237121649e-04 1.219532691740275688e-03
1.180900330807944931e-02 2.135548031822252324e-04 5.921206070536795844e-04 1.211429083867482598e-03
1.205701773689245131e-02 2.107721867195325161e-04 5.863330414025768678e-04 1.166089939341437894e-03
1.231024100131119375e-02 2.098340812279247470e-04 5.788328506710944824e-04 1.159038107135826508e-03
1.256878249806915593e-02 2.077657189018920368e-04 5.706950432747552766e-04 1.132980900128525981e-03
1.283275392146614353e-02 2.075182878221405389e-04 5.624447104701201785e-04 1.116035545685710841e-03
1.310226931162212019e-02 2.067442383526967898e-04 5.570466968802101739e-04 1.100494993811861402e-03
1.337744510374445917e-02 2.059389939482162866e-04 5.527405553586346460e-04 1.102903255548761752e-03
1.365840017842993165e-02 2.063754469790413874e-04 5.481294272862462713e-04 1.103714468793793712e-03
1.394525591302313641e-02 2.072446223581212658e-04 5.446705068915523064e-04 1.078255716266825768e-03
1.423813623405355278e-02 2.077810026972453218e-04 5.436564649846360817e-04 1.053295323946833433e-03
1.453716767077391399e-02 2.081766891122338765e-04 5.438057215097372252e-04 1.056393730580886675e-03
1.484247940982297460e-02 2.075063249374404139e-04 5.428332363814901721e-04 1.054125611551152975e-03
1.515420335103632131e-02 2.066955034457494027e-04 5.369588071138246994e-04 1.044110256950625927e-03
1.547247416442934509e-02 2.073178433406024513e-04 5.342373478644870137e-04 1.040308316864259862e-03
1.579742934837695401e-02 2.073854783990464320e-04 5.311264811478850264e-04 1.064834674828333367e-03
1.612920928901519918e-02 2.079569009737074507e-04 5.290055763652057059e-04 1.069854872249009856e-03
1.646795732089047226e-02 2.076215518420420432e-04 5.320001197898306449e-04 1.079183121813873060e-03
1.681381978888241840e-02 2.085414631170839288e-04 5.338238508214983259e-04 1.070980793881209925e-03
1.716694611142747032e-02 2.079173107812212686e-04 5.374895379207535575e-04 1.065174152100210143e-03
1.752748884507005292e-02 2.071571282613805700e-04 5.352088552514724148e-04 1.065469673093949812e-03
1.789560375036965134e-02 2.058231222520186460e-04 5.361454024374449380e-04 1.042930421480075089e-03
1.827144985919198356e-02 2.062178364877523501e-04 5.393615902119857589e-04 1.013621469119091803e-03
1.865518954341347305e-02 2.063348947548811825e-04 5.402865951072962974e-04 1.049159997666739182e-03
1.904698858506861936e-02 2.069723627074469320e-04 5.407789619565747316e-04 1.057380210596119445e-03
1.944701624797066583e-02 2.068599788330203267e-04 5.444144628958339774e-04 1.078775413358952886e-03
1.985544535083641829e-02 2.060514030366108497e-04 5.501158720433450876e-04 1.084945186512062875e-03
2.027245234194685955e-02 2.045442726643022680e-04 5.541724537694551903e-04 1.083727704914920530e-03
2.069821737537578740e-02 2.062733901826841040e-04 5.577478218902043707e-04 1.081606285832749760e-03
2.113292438881941848e-02 2.054977592947371257e-04 5.592185919713686237e-04 1.073553410532371213e-03
2.157676118306059085e-02 2.058875697840703784e-04 5.584305194314766229e-04 1.080632905358108135e-03
2.202991950310188157e-02 2.073932219612449547e-04 5.618905802939490714e-04 1.116771429598033272e-03
2.249259512100268074e-02 2.090676207462230688e-04 5.632774427200409060e-04 1.142719966911355392e-03
2.296498792045603698e-02 2.094469653270610845e-04 5.669175168642084494e-04 1.155928599582192783e-03
2.344730198314179739e-02 2.113704990537445681e-04 5.781381248322629753e-04 1.167169482127427844e-03
2.393974567689334532e-02 2.125429454179585185e-04 5.830661187340576649e-04 1.174424943016704522e-03
2.444253174571602016e-02 2.133611537597855494e-04 5.744852278770739944e-04 1.151774049211639044e-03
2.495587740169613600e-02 2.135095166912813318e-04 5.779972111739472684e-04 1.183248470846178261e-03
2.548000441884027550e-02 2.137920150325139457e-04 5.771973075225020344e-04 1.183453467108732445e-03
2.601513922888541025e-02 2.137289290619812348e-04 5.752991431496346517e-04 1.162890855174621412e-03
2.656151301912123078e-02 2.114721143695545279e-04 5.742566604458473022e-04 1.148351199554933271e-03
2.711936183226698951e-02 2.106255552488484019e-04 5.696692567647959182e-04 1.099672025734427282e-03
2.768892666844592967e-02 2.095363759447006573e-04 5.682814288296793564e-04 1.106659872626515172e-03
2.827045358930141764e-02 2.081006966887846417e-04 5.620303003440973956e-04 1.115533732973057182e-03
2.886419382429974284e-02 2.063757104176157549e-04 5.549572818809024284e-04 1.126387261940249834e-03
2.947040387926548252e-02 2.041098230063020859e-04 5.550991797862418623e-04 1.142448526693938147e-03
3.008934564719637980e-02 2.019168292172385845e-04 5.537564550080531283e-04 1.149064803431858791e-03
3.072128652140552335e-02 2.000782671110989095e-04 5.535314417672239405e-04 1.132487565192285064e-03
3.136649951103979983e-02 1.999170795646809380e-04 5.440565205908594933e-04 1.149148650445334539e-03
3.202526335902442650e-02 1.987109315709628665e-04 5.427531151712215035e-04 1.150407288176617110e-03
3.269786266248470713e-02 1.988443726449110993e-04 5.482669274218689550e-04 1.141039651097401197e-03
3.338458799569667818e-02 2.001656834040066218e-04 5.539546621679485678e-04 1.112998071410620498e-03
3.408573603562018578e-02 2.015440968121754166e-04 5.622063350492509208e-04 1.097214296438858271e-03
3.480160969006833305e-02 2.014195279027158078e-04 5.636660422493540738e-04 1.105134138808763549e-03
3.553251822856878100e-02 2.021799860543100388e-04 5.656053625593192129e-04 1.125444684945004978e-03
3.627877741597342054e-02 2.044755612778892070e-04 5.622247447507190514e-04 1.127901475001824930e-03
3.704070964887411915e-02 2.063131438044790819e-04 5.618013591106913894e-04 1.117116936663795817e-03
3.781864409488350232e-02 2.095106263662305755e-04 5.706320591263182697e-04 1.158468166656957286e-03
3.861291683484094350e-02 2.098314457428776438e-04 5.819295710546170232e-04 1.208383743393391489e-03
3.942387100800515132e-02 2.124534348244395369e-04 5.842353107352303045e-04 1.212604437078902090e-03
4.025185696029616456e-02 2.149597369266893212e-04 5.918933500931469836e-04 1.178890798033201083e-03
4.109723239565067632e-02 2.179427887735816555e-04 5.925738850335043753e-04 1.164816376259488785e-03
4.196036253055620419e-02 2.160286690683163200e-04 5.971086815713061782e-04 1.177656939886235479e-03
4.284162025183081007e-02 2.166708702465193481e-04 6.046883784708076805e-04 1.170935468624661980e-03
4.374138627771648191e-02 2.168358472519691239e-04 6.039194463562750368e-04 1.193969568778926972e-03
4.466004932235585756e-02 2.167239922680798414e-04 6.096687765012069257e-04 1.196950155834234199e-03
4.559800626372333132e-02 2.199373795389901259e-04 6.162682920862765003e-04 1.210370920938213819e-03
4.655566231508303371e-02 2.243830091380132996e-04 6.269072958123102007e-04 1.204670988005953442e-03
4.753343120004781958e-02 2.279962487776564380e-04 6.466401093972327842e-04 1.249740646997683563e-03
4.853173533131487083e-02 2.286836615815635184e-04 6.565859494621409647e-04 1.227716558663942154e-03
4.955100599315512278e-02 2.314534858456247801e-04 6.677609785289848271e-04 1.205923329539004179e-03
5.059168352773536076e-02 2.347431386552601914e-04 6.850188324325806773e-04 1.245672335952654987e-03
5.165421752535349215e-02 2.381305591778616192e-04 7.050607312708017001e-04 1.270546288659511877e-03
5.273906701866916402e-02 2.441509600991538780e-04 7.284652974539925071e-04 1.265156069690942173e-03
5.384670068101362478e-02 2.479785832453235551e-04 7.607142124402507290e-04 1.352237143123113895e-03
5.497759702886452493e-02 2.542732568317583987e-04 7.986388221590041319e-04 1.460967820886667533e-03
5.613224462857315661e-02 2.614312811947642622e-04 8.315151485570442804e-04 1.549928247114928459e-03
5.731114230743335203e-02 2.665842594790468045e-04 8.551108985391931002e-04 1.601245277668940630e-03
5.851479936918333596e-02 2.708529217088279963e-04 8.737298697520072413e-04 1.578524046794844244e-03
5.974373581403354116e-02 2.787005468433271290e-04 9.125240247708590359e-04 1.588345548718224408e-03
6.099848256331548424e-02 2.854840318147962601e-04 9.359771801393428417e-04 1.598192217817363770e-03
6.227958168884879103e-02 2.877507637692301268e-04 9.631350166721568736e-04 1.554775822149024852e-03
6.358758664712538256e-02 2.947814934095060514e-04 9.598464385938494832e-04 1.638311645959667634e-03
6.492306251841201137e-02 3.034026402897596142e-04 9.690951690016516530e-04 1.666701327499947984e-03
6.628658625087452405e-02 3.110851318093985269e-04 9.551124264953162087e-04 1.613432280159188530e-03
6.767874690982925157e-02 3.114202974775260886e-04 9.553146046893798080e-04 1.652653022794529089e-03
6.910014593222912893e-02 3.194200497017705325e-04 9.326821447055664302e-04 1.639204992131809875e-03
7.055139738649467140e-02 3.231730817470811678e-04 9.512091605475012437e-04 1.614095620241357042e-03
7.203312823780190499e-02 3.254935752711966140e-04 9.724413613386203702e-04 1.684560000545414936e-03
7.354597861894196509e-02 3.268553803167847114e-04 9.538173600050099937e-04 1.654867433787878851e-03
7.509060210686921422e-02 3.274949836275353309e-04 9.367796779161371773e-04 1.661420373231723129e-03
7.666766600505761642e-02 3.217361142669779165e-04 9.496677323606554774e-04 1.629497147059294363e-03
7.827785163178710426e-02 3.071082034746704364e-04 8.759408695364152755e-04 1.628086427320991902e-03
7.992185461448454709e-02 2.951572255750935367e-04 7.682822077312716517e-04 1.477022382689599338e-03
8.160038519024664927e-02 2.909678566555096526e-04 7.465180660028164364e-04 1.397836653637288783e-03
8.331416851267432755e-02 2.901338016829129070e-04 7.447856544040446034e-04 1.360138175339636575e-03
8.506394496515139181e-02 2.900743819434697186e-04 7.443651078634686783e-04 1.377978450675530070e-03
8.685047048070260178e-02 2.878849347895755771e-04 7.524745954824799956e-04 1.361836149076366652e-03
8.867451686856961390e-02 2.880234944900399423e-04 7.634393625094600382e-04 1.341714850345367832e-03
9.053687214764558067e-02 2.881561143593736117e-04 7.649298777351298253e-04 1.375828707568036227e-03
9.243834088691260664e-02 2.914193608983876816e-04 7.680931750642919133e-04 1.410739170820457869e-03
9.437974455302927668e-02 2.882731183309567642e-04 7.738322799612147064e-04 1.394381541167107746e-03
9.636192186521798375e-02 2.937254224954436842e-04 7.703492844869790383e-04 1.368816719105580984e-03
9.838572915760598891e-02 2.945324459265817574e-04 7.685517441010848065e-04 1.375904977340467730e-03
1.004520407491760470e-01 2.968107534411059453e-04 7.715152853354237611e-04 1.455060049589302924e-03
1.025617493214873027e-01 2.959715597169748245e-04 7.766386852993784019e-04 1.473341282671493174e-03
1.047157663043284948e-01 2.956966401826879713e-04 7.862152178944209783e-04 1.513426936565543876e-03
1.069150222694712216e-01 2.953372369684231910e-04 7.999068509612277745e-04 1.537644323271497365e-03
1.091604673326926206e-01 2.956764227409363656e-04 8.062498916512587802e-04 1.555104690207266853e-03
1.114530715642415432e-01 2.965585532913547783e-04 8.173442202652727228e-04 1.582418833206570077e-03
1.137938254079251948e-01 3.001617233616307549e-04 8.148066849451080689e-04 1.640954217171516254e-03
1.161837401089977073e-01 2.980863317405280381e-04 8.123934700769235798e-04 1.661459244505898280e-03
1.186238481510351467e-01 3.025566395869638977e-04 8.201866951439946507e-04 1.684697582929229600e-03
1.211152037019858768e-01 3.092720481902906551e-04 8.161096728466308171e-04 1.689616314914645047e-03
1.236588830695889707e-01 3.133262386079127809e-04 8.433263335452150303e-04 1.735873211771242009e-03
1.262559851663573596e-01 3.168834053998434235e-04 8.606919025496534122e-04 1.717679766645717997e-03
1.289076319843265872e-01 3.145407725892947117e-04 8.680197167980756865e-04 1.727433764351700212e-03
1.316149690797743799e-01 3.107740622410627165e-04 8.848030453862107186e-04 1.660868114376523250e-03
1.343791660681203926e-01 3.101418428963871794e-04 8.842093856789103078e-04 1.755673499571023567e-03
1.372014171292196827e-01 3.152015603419842720e-04 8.827442443221105882e-04 1.808439794491712880e-03
1.400829415232688335e-01 3.157542784419437227e-04 8.997870042215340208e-04 1.773028665011451349e-03
1.430249841175467440e-01 3.101591615789884258e-04 9.075131913208492286e-04 1.764061802025583461e-03
1.460288159242185968e-01 3.125764611223907159e-04 8.908547583968600206e-04 1.859911119018832666e-03
1.490957346494343749e-01 3.132443836825935749e-04 8.820513263217840631e-04 1.879589918797654581e-03
1.522270652539600699e-01 3.107623754745151038e-04 8.688961448797177843e-04 1.889618326898603916e-03
1.554241605255829994e-01 3.131911517898497226e-04 8.710157288641467120e-04 1.855744865028063168e-03
1.586884016635391192e-01 3.173205655629627859e-04 8.651324734240198322e-04 1.920877382582050763e-03
1.620211988752143506e-01 3.106840899212484348e-04 8.788126976234519275e-04 1.965427198526680831e-03
1.654239919853781604e-01 3.103324444595887853e-04 8.891987562910691652e-04 1.957290630467086942e-03
1.688982510582120178e-01 3.101757322369293928e-04 9.008839884213111623e-04 1.983691808049552283e-03
1.724454770324022057e-01 3.053119789416879710e-04 8.987409456237099555e-04 2.015088303753382638e-03
1.760672023695706301e-01 3.022003053557787214e-04 9.079452294984401714e-04 1.950884119856869606e-03
1.797649917163240685e-01 3.045386313510005361e-04 9.032291886888831707e-04 1.999498500368001100e-03
1.835404425802081019e-01 3.047626721532338220e-04 9.018621264045008183e-04 1.991221469065837871e-03
1.873951860198573849e-01 3.000428836683192210e-04 9.028453249437621035e-04 1.912939539158238457e-03
1.913308873496404605e-01 3.017069963649646560e-04 9.016884073668944392e-04 1.891618576753784347e-03
1.953492468591038755e-01 3.093373450012220586e-04 9.216847576580638720e-04 1.945914118771986581e-03
1.994520005475258762e-01 3.063548216553818094e-04 9.223173949455237396e-04 1.943326668288941541e-03
2.036409208738976240e-01 3.092797201759847430e-04 9.453320315161371475e-04 1.968465145374064321e-03
2.079178175226553127e-01 3.181718688976427063e-04 9.470834806924514860e-04 1.982885472959212362e-03
2.122845381854945590e-01 3.142762446075750239e-04 9.362867740125358548e-04 1.939834271732451734e-03
2.167429693596043538e-01 3.121074090788066892e-04 9.238140096419604225e-04 2.009470409792311809e-03
2.212950371626659363e-01 3.098550824148746689e-04 9.277514767256595874e-04 2.032141225976744157e-03
2.259427081649679481e-01 3.092139906055580540e-04 9.478132648014020922e-04 2.074885460821521838e-03
2.306879902389985249e-01 3.045688994046459900e-04 9.324777481918471514e-04 2.119788163616524029e-03
2.355329334268796149e-01 3.065419090849629252e-04 9.537315369550554856e-04 2.083943749714368271e-03
2.404796308260201132e-01 3.092874227532001175e-04 9.618019848740529468e-04 2.042983354593627416e-03
2.455302194933694504e-01 3.084886670977169559e-04 9.629137237570741577e-04 2.021330836529929096e-03
2.506868813686621844e-01 3.070991242397103386e-04 9.816530125632339562e-04 1.971264549094216192e-03
2.559518442170529151e-01 3.067569479923039485e-04 9.983839143762258169e-04 2.099708693935863676e-03
2.613273825915485293e-01 3.028281488108952417e-04 9.952841038149396434e-04 2.196441310165479603e-03
2.668158188156535826e-01 3.055183920270001206e-04 9.779347533305194577e-04 2.232246338114631575e-03
2.724195239866533114e-01 3.077348182091003991e-04 9.765477803079435038e-04 2.156126424257497586e-03
2.781409189999677900e-01 2.995476177601748258e-04 9.556150487982493407e-04 2.067870086874269795e-03
2.839824755950196011e-01 2.959246440144246691e-04 9.549887842586274799e-04 2.126013150886427432e-03
2.899467174230673239e-01 3.008916697335736832e-04 9.816399077373046730e-04 2.282477083317005842e-03
2.960362211374651942e-01 3.078257767546480842e-04 1.004175434749802944e-03 2.374436775068123132e-03
3.022536175068213371e-01 3.080129845420134316e-04 1.007867371891820255e-03 2.282734995521683123e-03
3.086015925515340208e-01 3.088203840260139656e-04 1.010687675422599274e-03 2.186904053657410044e-03
3.150828887041979831e-01 3.038638264730846050e-04 9.728192222125123722e-04 2.184507643534800998e-03
3.217003059943817633e-01 3.045226202330671584e-04 1.017251703295126396e-03 2.304185969889292404e-03
3.284567032582877411e-01 3.035410628362199509e-04 1.040914288184025460e-03 2.343409591151530361e-03
3.353549993738177970e-01 3.047603899329820107e-04 1.016457063460398085e-03 2.376417109922314332e-03
3.423981745215778916e-01 2.970049629130462458e-04 1.003201521234816165e-03 2.315662873467797239e-03
3.495892714723665695e-01 2.978746986151636585e-04 1.004069564780972435e-03 2.393548423920837352e-03
3.569313969017033905e-01 3.072741568219146250e-04 1.053961558516430114e-03 2.496217684037973627e-03
3.644277227319651646e-01 3.076558309776959905e-04 1.058268950711665872e-03 2.448275463942261101e-03
3.720814875027103064e-01 3.045993660229157139e-04 1.035028779589599809e-03 2.355696018234023238e-03
3.798959977697825563e-01 3.002033609646930033e-04 1.021592381561143995e-03 2.464988493988451261e-03
3.878746295337989758e-01 3.117606163100631071e-04 1.065885182217831241e-03 2.416870130419367796e-03
3.960208296986395538e-01 3.153186858484876274e-04 1.056466527635947566e-03 2.480364767516024353e-03
4.043381175605677558e-01 3.006994665000453822e-04 1.036149771177033788e-03 2.374068363549529902e-03
4.128300863286261113e-01 2.973563933369001368e-04 1.030764035294519029e-03 2.488193268194191336e-03
4.215004046769633694e-01 3.019053979561780380e-04 1.073363528309317656e-03 2.515880333318989883e-03
4.303528183297636867e-01 3.039363281796432763e-04 1.041411644910665568e-03 2.566434574371272582e-03
4.393911516794627992e-01 2.972237585736828692e-04 1.027230367676845420e-03 2.519734359228542348e-03
4.486193094389504532e-01 2.932615597654904802e-04 1.015659782761386227e-03 2.516051956366987391e-03
4.580412783284723011e-01 2.985522706442113577e-04 1.048332672315380795e-03 2.496673376975074455e-03
4.676611287979602349e-01 2.945404349019113948e-04 1.029855863854041561e-03 2.335719348369724984e-03
4.774830167855361740e-01 2.850224837511869586e-04 1.001850546357695290e-03 2.392198556425877923e-03
4.875111855129470317e-01 2.868710230827593486e-04 1.017870298061041056e-03 2.363479088082885097e-03
4.977499673187086859e-01 2.829363100862338333e-04 1.024715915699053520e-03 2.467094169982168069e-03
5.082037855297493190e-01 2.850058311472144341e-04 1.009605444811968516e-03 2.503529417821474898e-03
5.188771563723615365e-01 2.804766720697652801e-04 9.975025531081807215e-04 2.445302993966019627e-03
5.297746909232884382e-01 2.808839028154032748e-04 1.016328336171394477e-03 2.430737350308429055e-03
5.409010971017869096e-01 2.810798870213535006e-04 1.032538735195612451e-03 2.512127565440980346e-03
5.522611817035278925e-01 2.822532730624314405e-04 1.076165888511068994e-03 2.610965445084057097e-03
5.638598524772149290e-01 2.833453304767295376e-04 1.083448258286935986e-03 2.731200429000029545e-03
5.757021202448122654e-01 2.864909345910531240e-04 1.102710844775330436e-03 2.735641856077214787e-03
5.877931010663065559e-01 2.909679140681312387e-04 1.118185211713670956e-03 2.801717894235553671e-03
6.001380184499305326e-01 2.920342547409361255e-04 1.116092326311377394e-03 2.781043851398681561e-03
6.127422056088071001e-01 2.910537853725021600e-04 1.124371827693465510e-03 2.788909003289942110e-03
6.256111077649877394e-01 2.918521460001422029e-04 1.115333306579198045e-03 2.747727506924798734e-03
6.387502845018800945e-01 2.944494243303108646e-04 1.113516691434219934e-03 2.806425640251900954e-03
6.521654121660825920e-01 3.006912145996465499e-04 1.095523636564389247e-03 2.766128101475728938e-03
6.658622863196620445e-01 3.030584504206285676e-04 1.103330368036437503e-03 2.791357930553723440e-03
6.798468242439340559e-01 3.057993380253373663e-04 1.090607051766191759e-03 2.774522216051064812e-03
6.941250674958291400e-01 3.065870996742060470e-04 1.096517253286553167e-03 2.724879491513875537e-03
7.087031845179474487e-01 3.092426428502462795e-04 1.085564460019804601e-03 2.732761570039287692e-03
7.235874733034300954e-01 3.116597509876884776e-04 1.096787929958199098e-03 2.747819123881730698e-03
7.387843641167988196e-01 3.081520434288395854e-04 1.085184069664027256e-03 2.809142892605698272e-03
7.543004222719390528e-01 3.061070431616700542e-04 1.094226645320438588e-03 2.783761976396079054e-03
7.701423509684267588e-01 3.028900103892348235e-04 1.097345995045162590e-03 2.768542791456363693e-03
7.863169941874234015e-01 3.031639504918163955e-04 1.109674874469237637e-03 2.830984453840316387e-03
8.028313396483924835e-01 3.029993407986722453e-04 1.122106751120792835e-03 2.918916178318551029e-03
8.196925218279117464e-01 3.051660174648337226e-04 1.118655689059486853e-03 2.842700234347170229e-03
8.369078250418880982e-01 3.041892784167083731e-04 1.130928481606531576e-03 2.849957864711873470e-03
8.544846865925055379e-01 3.101608963504763985e-04 1.150678015731946809e-03 2.894196496003191999e-03
8.724306999812648789e-01 3.093568836909144407e-04 1.151243262903244675e-03 2.893672530906693519e-03
8.907536181895053806e-01 3.093166821124539406e-04 1.133812699299555429e-03 2.908476625827173187e-03
9.094613570278234915e-01 3.078259949956700181e-04 1.137391889020625095e-03 2.908432415611360723e-03
9.285619985558370981e-01 3.084708920222696137e-04 1.142890656779229448e-03 2.915588526939296658e-03
9.480637945737722116e-01 3.088316812678071127e-04 1.110055910343390930e-03 2.977346288677660841e-03
9.679751701873794412e-01 3.096344794695334501e-04 1.111601974749803698e-03 2.999672377527445172e-03
9.883047274477233524e-01 3.096153668368690506e-04 1.117445823527678456e-03 2.984095066886833722e-03
1.009061249067412458e+00 3.075005177516128437e-04 1.142267187644432089e-03 2.977729697323179374e-03
1.030253702214882106e+00 3.050160966236980511e-04 1.158046056824868844e-03 2.951312188874107966e-03
1.051891242388360181e+00 3.079179212486083772e-04 1.151912152320669043e-03 2.942179632144582401e-03
1.073983217371198728e+00 3.135447171525827803e-04 1.174589532780216401e-03 2.948564010188101971e-03
1.096539171270273894e+00 3.137758365709418843e-04 1.167899862162101714e-03 2.949264671132579684e-03
1.119568848639202585e+00 3.124023848615863205e-04 1.146645399770366723e-03 2.991467770923412171e-03
1.143082198688152529e+00 3.116274254709846462e-04 1.153360597163178257e-03 3.008225862301206789e-03
1.167089379582071595e+00 3.138570109983584880e-04 1.125862922596067729e-03 3.033470695435149488e-03
1.191600762829185367e+00 3.174633350765588722e-04 1.138230135816431943e-03 3.073345720118662514e-03
1.216626937761664085e+00 3.220105182000633872e-04 1.170504820443666509e-03 3.044300934847228492e-03
1.242178716110394543e+00 3.203330184011902505e-04 1.187410575200187031e-03 3.009166063804859584e-03
1.268267136675829354e+00 3.202389825525647879e-04 1.201299133332618240e-03 3.012000020884135921e-03
1.294903470096936182e+00 3.217110740956106388e-04 1.192858603726614040e-03 3.018842828439496570e-03
1.322099223720304195e+00 3.250273738584143093e-04 1.203993701916739349e-03 3.032799755505330257e-03
1.349866146571512271e+00 3.298274339895218218e-04 1.216386236320455899e-03 3.053534128921890200e-03
1.378216234430907683e+00 3.306631610399444294e-04 1.217382208812180580e-03 3.048133237647301323e-03
1.407161735015984405e+00 3.295531867291647443e-04 1.222191389288107685e-03 3.097009273407520975e-03
1.436715153272606127e+00 3.326656484412234059e-04 1.219298201993776693e-03 3.082063284964708418e-03
1.466889256777353268e+00 3.359747332707380260e-04 1.209446868835122859e-03 3.103921446668512010e-03
1.497697081253331897e+00 3.371883953664012233e-04 1.201609045760300898e-03 3.074291826736394451e-03
1.529151936201827766e+00 3.392654662008199175e-04 1.226657191388496769e-03 3.101869002953798384e-03
1.561267410652234400e+00 3.381653641577611548e-04 1.240509982904135569e-03 3.124723623353325378e-03
1.594057379032744803e+00 3.373843253553292470e-04 1.242931769455405495e-03 3.077064722193140808e-03
1.627536007164338772e+00 3.407262551735503299e-04 1.256158990679560362e-03 3.148023134025550868e-03
1.661717758380657717e+00 3.449460860872698544e-04 1.275870453395348955e-03 3.161150794208482558e-03
1.696617399776407797e+00 3.497094436625095850e-04 1.303777194688931097e-03 3.187470986475503254e-03
1.732250008586996737e+00 3.473656864990885655e-04 1.284087128683268847e-03 3.229725213337589912e-03
1.768630978702153245e+00 3.478459708579232984e-04 1.278551954446013710e-03 3.235622005345644564e-03
1.805776027316347676e+00 3.498674636303884919e-04 1.266454969574510496e-03 3.296344847925530668e-03
1.843701201718886962e+00 3.551576338113346756e-04 1.281396055888437725e-03 3.318525045369731530e-03
1.882422886226613912e+00 3.570951533795426640e-04 1.275331620297806383e-03 3.282299514924370745e-03
1.921957809262209604e+00 3.564485877636309921e-04 1.294127817889375101e-03 3.271074030980001233e-03
1.962323050581155304e+00 3.578737649145288325e-04 1.296769797005691612e-03 3.256537655878281694e-03
2.003536048650475188e+00 3.592747870939376367e-04 1.313126989566643869e-03 3.343275204584041701e-03
2.045614608182449778e+00 3.639656833500856670e-04 1.334048666736967724e-03 3.386814651209009170e-03
2.088576907826551921e+00 3.694286519559022292e-04 1.352631943971916448e-03 3.459819781122398363e-03
2.132441508022931753e+00 3.728642160999099796e-04 1.357010168746140399e-03 3.463519138722319195e-03
2.177227359020839081e+00 3.687893760879581485e-04 1.343636195444333943e-03 3.421899652200410379e-03
2.222953809065454589e+00 3.704353980583826016e-04 1.342691002909337074e-03 3.486490709389829072e-03
2.269640612756656406e+00 3.778889416324664966e-04 1.340668666966416496e-03 3.453243132026248812e-03
2.317307939583341803e+00 3.850620081978458112e-04 1.343935967530670260e-03 3.451689234891599633e-03
2.365976382636989062e+00 3.882490349983770423e-04 1.361876981396025355e-03 3.485207011188420564e-03
2.415666967508219631e+00 3.901063087883439970e-04 1.382725153464285997e-03 3.550463768845314467e-03
2.466401161370209927e+00 3.928901231489362669e-04 1.401412568995183102e-03 3.545361417737154675e-03
2.518200882252872752e+00 4.007942247325996612e-04 1.412564133465035949e-03 3.583560412845385439e-03
2.571088508511817139e+00 4.096690960421441648e-04 1.429430941090117490e-03 3.615606822117367180e-03
2.625086888496176218e+00 4.139301968530281978e-04 1.452231877611199432e-03 3.659079433172447975e-03
2.680219350419482005e+00 4.097123122731485931e-04 1.451149905201189281e-03 3.686138166468048809e-03
2.736509712437845465e+00 4.078809371924416584e-04 1.441442357182936901e-03 3.736494897891606045e-03
2.793982292939805046e+00 4.079928115010341013e-04 1.440970425381822182e-03 3.761270010639672888e-03
2.852661921052281446e+00 4.181146197417844501e-04 1.438983328911061163e-03 3.750005839227382298e-03
2.912573947367180338e+00 4.240544156604134128e-04 1.477349378887875047e-03 3.808521471814353687e-03
2.973744254893275762e+00 4.233836499002634288e-04 1.490564611000205937e-03 3.881860736268509700e-03
3.036199270238110426e+00 4.244782749986083007e-04 1.490336611751822684e-03 3.834419365060469202e-03
3.099965975024733478e+00 4.296220401340422493e-04 1.523315809664157030e-03 3.866740787420201979e-03
3.165071917548221592e+00 4.358262654085852438e-04 1.524262022663006207e-03 3.910887058308172570e-03
3.231545224677005557e+00 4.425355328351836671e-04 1.544301153791877981e-03 3.946769060109089726e-03
3.299414614004156032e+00 4.420179728940043518e-04 1.567153624182696147e-03 3.979361254064978093e-03
3.368709406253866945e+00 4.345596502300404901e-04 1.573327580677651811e-03 4.009545076919031684e-03
3.439459537948505119e+00 4.288869589265042418e-04 1.570559849627511158e-03 4.041322000367764816e-03
3.511695574341695103e+00 4.363944003628317508e-04 1.565819848061281985e-03 4.037352222894064445e-03
3.585448722623025386e+00 4.455471592200664611e-04 1.580016677841010594e-03 4.064029193614694842e-03
3.660750845400081221e+00 4.504093753175029101e-04 1.589943121874735693e-03 4.111621017361232443e-03
3.737634474463630951e+00 4.440771581199302593e-04 1.578636440972598512e-03 4.077479259935260121e-03
3.816132824841910409e+00 4.373352296766543361e-04 1.595693786184371535e-03 4.076761769121934470e-03
3.896279809150075657e+00 4.431667740585583989e-04 1.626826745062845891e-03 4.125547051425536814e-03
3.978110052241026651e+00 4.574427631861277001e-04 1.676212660737554788e-03 4.127559397442701408e-03
4.061658906163930993e+00 4.646059395952688732e-04 1.707318115657155064e-03 4.139594188122422067e-03
4.146962465436903500e+00 4.591153681958149942e-04 1.714940227879726024e-03 4.186352773424525768e-03
4.234057582640454065e+00 4.556219852149632349e-04 1.727527882992237022e-03 4.266197494362181618e-03
4.322981884338419789e+00 4.622329742497651470e-04 1.739289135029594476e-03 4.288079424941223031e-03
4.413773787333281184e+00 4.851629041491243590e-04 1.776563601909003209e-03 4.332841980585640934e-03
4.506472515262869294e+00 5.064256861407909031e-04 1.795321655911646941e-03 4.494432961257170678e-03
4.601118115545640208e+00 5.205356805368285258e-04 1.818374201831560134e-03 4.672339746975794766e-03
4.697751476681839122e+00 5.211188157453927779e-04 1.850784518267690332e-03 4.833084342780536238e-03
4.796414345918020850e+00 5.374662270426669008e-04 1.895266234814677736e-03 4.884794214538829005e-03
4.897149347282570453e+00 5.700915557781918068e-04 1.962174780971724913e-03 4.971581163126671983e-03
5.000000000000000888e+00 6.078978318096079931e-04 2.017260786297937238e-03 5.118967569929929948e-03
