1.000000000000000021e-02 2.807045483924331905e-04 7.773917167138716259e-04 1.469283701784303026e-03
1.021002147458398637e-02 2.694315879231715615e-04 7.494785225243713557e-04 1.410018552854425079e-03
1.042445385114661519e-02 2.610348302836780141e-04 7.289926439379097517e-04 1.385527233966300223e-03
1.064338976810166870e-02 2.535886053701462222e-04 7.006578186179333520e-04 1.363487811375407865e-03
1.086692380946855177e-02 2.463992667821728608e-04 6.920820654721180753e-04 1.348027129073605442e-03
1.109515254573419270e-02 2.397021263846339627e-04 6.726327438081321046e-04 1.317326575376105442e-03
1.132817457557312897e-02 2.357184097625672427e-04 6.622622672213962112e-04 1.269652885959837415e-03
1.156609056844379833e-02 2.325562620309356600e-04 6.514468817708631097e-04 1.253086053071341636e-03
1.180900330807944931e-02 2.284834757500057978e-04 6.469020120617275738e-04 1.247810831385586915e-03
1.205701773689245131e-02 2.257934783144284951e-04 6.370489042812496833e-04 1.209345503506793458e-03
1.231024100131119375e-02 2.250626135871617868e-04 6.304405808606657882e-04 1.202824831942120570e-03
1.256878249806915593e-02 2.235903639277915945e-04 6.253091034175216160e-04 1.193606173753458287e-03
1.283275392146614353e-02 2.221267665551799350e-04 6.246445693054386659e-04 1.188331347851217601e-03
1.310226931162212019e-02 2.204326720395750102e-04 6.198940753937935959e-04 1.195706917647114268e-03
1.337744510374445917e-02 2.201258708298162680e-04 6.136842978328046171e-04 1.202462484677186035e-03
1.365840017842993165e-02 2.210040794613627423e-04 6.065123334014125124e-04 1.211944920128644890e-03
1.394525591302313641e-02 2.216522300387759764e-04 6.054309927882010499e-04 1.201162090759171856e-03
1.423813623405355278e-02 2.222241631961851952e-04 6.006458266032447483e-04 1.199845396090059788e-03
1.453716767077391399e-02 2.219902010189562082e-04 5.958954400091561040e-04 1.183263592299622262e-03
1.484247940982297460e-02 2.216983018299180646e-04 5.937208354504887927e-04 1.180605215837901090e-03
1.515420335103632131e-02 2.219223491508265443e-04 5.893041925939566461e-04 1.171425348670444323e-03
1.547247416442934509e-02 2.224884869590671333e-04 5.950370590678465089e-04 1.174035890021828078e-03
1.579742934837695401e-02 2.226474981739045244e-04 5.962475359047073823e-04 1.161326925830441677e-03
1.612920928901519918e-02 2.234734817168682920e-04 5.974594920452700342e-04 1.177878507893055562e-03
1.646795732089047226e-02 2.228425868866780685e-04 5.931484669682906890e-04 1.153890411433301138e-03
1.681381978888241840e-02 2.232332255026565416e-04 5.943407065738005044e-04 1.145988150951090731e-03
1.716694611142747032e-02 2.243937481837339932e-04 5.897073530280483875e-04 1.145893622591473210e-03
1.752748884507005292e-02 2.244335913548544184e-04 5.932451336317610957e-04 1.133526420262137308e-03
1.789560375036965134e-02 2.251190613839503289e-04 5.972481818091251397e-04 1.128920189603278010e-03
1.827144985919198356e-02 2.251702136493545156e-04 5.954116005749389645e-04 1.155828783844995442e-03
1.865518954341347305e-02 2.252409157550114315e-04 5.975262477517759340e-04 1.176771525879011411e-03
1.904698858506861936e-02 2.250584383607665624e-04 6.030352016325623470e-04 1.173043944152451232e-03
1.944701624797066583e-02 2.254403243309985642e-04 6.035150984525489539e-04 1.159804693597415353e-03
1.985544535083641829e-02 2.242540793028166579e-04 6.093135035826641741e-04 1.177436582304252580e-03
2.027245234194685955e-02 2.236528724502619570e-04 6.043720414233801812e-04 1.192330025140149637e-03
2.069821737537578740e-02 2.247376673506514379e-04 6.075866406724175902e-04 1.206214938857923854e-03
2.113292438881941848e-02 2.245490581556288257e-04 6.058098678757373266e-04 1.188326197265502293e-03
2.157676118306059085e-02 2.259448068638926250e-04 6.098905421723917024e-04 1.192841063544490890e-03
2.202991950310188157e-02 2.281360043696148442e-04 6.128434965955005748e-04 1.186389923423314960e-03
2.249259512100268074e-02 2.277976735159729070e-04 6.186674233029919876e-04 1.176476576716176635e-03
2.296498792045603698e-02 2.270592845601819185e-04 6.174312527098108593e-04 1.221020423075496473e-03
2.344730198314179739e-02 2.280360119340649118e-04 6.221093338509511459e-04 1.237495388974439812e-03
2.393974567689334532e-02 2.272299864510577902e-04 6.251389016487130662e-04 1.216317530163101967e-03
2.444253174571602016e-02 2.281231366779119330e-04 6.211960602785267108e-04 1.238689123142593411e-03
2.495587740169613600e-02 2.287339036342910989e-04 6.165194347635006428e-04 1.222958402509366450e-03
2.548000441884027550e-02 2.280054474198501754e-04 6.161520188525549530e-04 1.231678720591414819e-03
2.601513922888541025e-02 2.264741473021896791e-04 6.042860803171207868e-04 1.244552988637584456e-03
2.656151301912123078e-02 2.241445548149424022e-04 6.079131780060036735e-04 1.245765856564876777e-03
2.711936183226698951e-02 2.221089588622065624e-04 6.039751736399698919e-04 1.200530810192536758e-03
2.768892666844592967e-02 2.209701459573244265e-04 6.009643366367021849e-04 1.200625294740455436e-03
2.827045358930141764e-02 2.181666683504127990e-04 5.974833539000121586e-04 1.199443970631383985e-03
2.886419382429974284e-02 2.159471199744106393e-04 5.940820451730476027e-04 1.186540043528827928e-03
2.947040387926548252e-02 2.147600860763344930e-04 5.943863207060847602e-04 1.166911004520285481e-03
3.008934564719637980e-02 2.115612572053357813e-04 6.002673565740956939e-04 1.168459749132777243e-03
3.072128652140552335e-02 2.111128056923522792e-04 5.965854594979707682e-04 1.179214597506963872e-03
3.136649951103979983e-02 2.117231247217190421e-04 5.960674707466821244e-04 1.183547538836491990e-03
3.202526335902442650e-02 2.107746180485406753e-04 5.918444067466914569e-04 1.189538416660903012e-03
3.269786266248470713e-02 2.116191922898569917e-04 5.933773071418900133e-04 1.183674734573756217e-03
3.338458799569667818e-02 2.117204408381445386e-04 5.878357436685645396e-04 1.189403724171141357e-03
3.408573603562018578e-02 2.123184925922132714e-04 5.907767192319510110e-04 1.186544927845819370e-03
3.480160969006833305e-02 2.108635544964127786e-04 6.055544734344352198e-04 1.172863366731410548e-03
3.553251822856878100e-02 2.089796313227043525e-04 6.054751784392202810e-04 1.155201024925929607e-03
3.627877741597342054e-02 2.112962125874611754e-04 6.056394638517357144e-04 1.180079292856005832e-03
3.704070964887411915e-02 2.150142266409142591e-04 6.089490223753497421e-04 1.200628767308931262e-03
3.781864409488350232e-02 2.204031866836970218e-04 6.197084276560593926e-04 1.204292373079989247e-03
3.861291683484094350e-02 2.221666005122976983e-04 6.281482528468683652e-04 1.216186271896621714e-03
3.942387100800515132e-02 2.242341452756611787e-04 6.397130691002851513e-04 1.197427003754516486e-03
4.025185696029616456e-02 2.260487569720958604e-04 6.460772675408019052e-04 1.233662652762582655e-03
4.109723239565067632e-02 2.262775060892319254e-04 6.452795455800629113e-04 1.285138827951534711e-03
4.196036253055620419e-02 2.282073164374226438e-04 6.543063053124246542e-04 1.338671755737990028e-03
4.284162025183081007e-02 2.302377958163418056e-04 6.662639819805069464e-04 1.336683853792518424e-03
4.374138627771648191e-02 2.339170818440945612e-04 6.651580246614035652e-04 1.335626325021116272e-03
4.466004932235585756e-02 2.343476256504157368e-04 6.648836414604446677e-04 1.336544184609009126e-03
4.559800626372333132e-02 2.324600967377485697e-04 6.708935689549551861e-04 1.352420444614225873e-03
4.655566231508303371e-02 2.346832387749099352e-04 6.728178625643713075e-04 1.364214567626721979e-03
4.753343120004781958e-02 2.345556037154314399e-04 6.818172720926481438e-04 1.381716600749901712e-03
4.853173533131487083e-02 2.391445859634370053e-04 6.963987744648159365e-04 1.359723664386413905e-03
4.955100599315512278e-02 2.430701878224557106e-04 7.206712464961636351e-04 1.329377209189104049e-03
5.059168352773536076e-02 2.465003104238047997e-04 7.352940910386639639e-04 1.359709586074839228e-03
5.165421752535349215e-02 2.481223576784141022e-04 7.388228329823452994e-04 1.359204502028858079e-03
5.273906701866916402e-02 2.519283508503214562e-04 7.492212712783665254e-04 1.377957329946977042e-03
5.384670068101362478e-02 2.572020519880256957e-04 7.805127354960258697e-04 1.444510084641113757e-03
5.497759702886452493e-02 2.647652060753906151e-04 8.260078317626918382e-04 1.536758531953008816e-03
5.613224462857315661e-02 2.704810752650856011e-04 8.421221781602856223e-04 1.577539402476121856e-03
5.731114230743335203e-02 2.772108497186870791e-04 8.599073625053101988e-04 1.570872458486922106e-03
5.851479936918333596e-02 2.904572791673273716e-04 9.051798771280713347e-04 1.665440437389685904e-03
5.974373581403354116e-02 2.986909267584254282e-04 9.649155534522490911e-04 1.785267004187165692e-03
6.099848256331548424e-02 3.056190185966362505e-04 9.637874504967882229e-04 1.797535971193059629e-03
6.227958168884879103e-02 3.109655330077850592e-04 9.684849773643304516e-04 1.719117198204472190e-03
6.358758664712538256e-02 3.196392912014571876e-04 1.001309691422876992e-03 1.767902283908238514e-03
6.492306251841201137e-02 3.273638864323966178e-04 1.005878089558717194e-03 1.790799587116934750e-03
6.628658625087452405e-02 3.329709308229921762e-04 1.028159691861988984e-03 1.757281474471657353e-03
6.767874690982925157e-02 3.265966282644785969e-04 1.018649362728216113e-03 1.700603789575671739e-03
6.910014593222912893e-02 3.277629770898322177e-04 9.773124727833842028e-04 1.685524770563882760e-03
7.055139738649467140e-02 3.302239545977481107e-04 9.765049137370000179e-04 1.761422390634919061e-03
7.203312823780190499e-02 3.283282710831216802e-04 9.907597976930382702e-04 1.749954778110798630e-03
7.354597861894196509e-02 3.354975017140269622e-04 9.751148338818124662e-04 1.739317412547056185e-03
7.509060210686921422e-02 3.339982248266309007e-04 9.734134422612042339e-04 1.766167056520741340e-03
7.666766600505761642e-02 3.326805943755424566e-04 9.625500789623046361e-04 1.755133413445251426e-03
7.827785163178710426e-02 3.178975909564944421e-04 8.969321440721227459e-04 1.762081814983408211e-03
7.992185461448454709e-02 3.010219084993089891e-04 8.012325674068289079e-04 1.558332006607987541e-03
8.160038519024664927e-02 3.008139276016140993e-04 7.611324780224295585e-04 1.436611511327972549e-03
8.331416851267432755e-02 3.030738822834227564e-04 7.760937476127903033e-04 1.467806309321340779e-03
8.506394496515139181e-02 3.070866038210460407e-04 7.846648360492762715e-04 1.522378389308437930e-03
8.685047048070260178e-02 3.094182320878746868e-04 8.051586981041825800e-04 1.545790352858695616e-03
8.867451686856961390e-02 3.107343289023022678e-04 8.080258488342024472e-04 1.576292633804268805e-03
9.053687214764558067e-02 3.108009674896488532e-04 8.247481580896590244e-04 1.606535716473859923e-03
9.243834088691260664e-02 3.096742244829932462e-04 8.289017194218891924e-04 1.618469627132784923e-03
9.437974455302927668e-02 3.059844325245447477e-04 8.178189724511739436e-04 1.637666552109340529e-03
9.636192186521798375e-02 3.076662834682096850e-04 8.111696559115812730e-04 1.623843074586712272e-03
9.838572915760598891e-02 3.064851972110124983e-04 8.290893991463230660e-04 1.657927641408826237e-03
1.004520407491760470e-01 3.061846698423901949e-04 8.242928573078323789e-04 1.648740133465536467e-03
1.025617493214873027e-01 3.090117882333985144e-04 8.451677315916480146e-04 1.682924937020396743e-03
1.047157663043284948e-01 3.085003517465676544e-04 8.520166208672198685e-04 1.719861488476718322e-03
1.069150222694712216e-01 3.110764392203736956e-04 8.595629530874293123e-04 1.774894525258680252e-03
1.091604673326926206e-01 3.085297462332090013e-04 8.680899822467212992e-04 1.748497802570038104e-03
1.114530715642415432e-01 3.115212391946242188e-04 8.735837543560892463e-04 1.793165740215638994e-03
1.137938254079251948e-01 3.134599782346474562e-04 8.750881617139030051e-04 1.832024269338434390e-03
1.161837401089977073e-01 3.134887260556371122e-04 8.886481845636750188e-04 1.868274169807282881e-03
1.186238481510351467e-01 3.190910937230648703e-04 8.975815612976656248e-04 1.968010878704651648e-03
1.211152037019858768e-01 3.262384079298144015e-04 9.030483882781417801e-04 2.032437504868366517e-03
1.236588830695889707e-01 3.267591611372102712e-04 9.188038631797318390e-04 2.053179663808681228e-03
1.262559851663573596e-01 3.310573627239077115e-04 9.474842936888064121e-04 2.019352448180579320e-03
1.289076319843265872e-01 3.351440233672367498e-04 9.576632091142493362e-04 2.055611796653150723e-03
1.316149690797743799e-01 3.288984544122421495e-04 9.758203258801062844e-04 2.066635560696758380e-03
1.343791660681203926e-01 3.276044589986751711e-04 9.620665075497035739e-04 2.067395269376116982e-03
1.372014171292196827e-01 3.295480007954081558e-04 9.491700877183147566e-04 2.047447293495505225e-03
1.400829415232688335e-01 3.286956820751873965e-04 9.714116366043105402e-04 2.021836544034250754e-03
1.430249841175467440e-01 3.265065017693147991e-04 9.918007278821659289e-04 2.033291953709178042e-03
1.460288159242185968e-01 3.295865551587107622e-04 9.784722798150669292e-04 2.068515655077197285e-03
1.490957346494343749e-01 3.314487837747450046e-04 9.935371168105370035e-04 2.111793816296616069e-03
1.522270652539600699e-01 3.298643174786490811e-04 9.707114165660559249e-04 2.119797488251261557e-03
1.554241605255829994e-01 3.338130492010675065e-04 9.880173246115822941e-04 2.133254446545908116e-03
1.586884016635391192e-01 3.387686816874933794e-04 9.947315694679528288e-04 2.149762372066673852e-03
1.620211988752143506e-01 3.314011955393900122e-04 9.665419227297496110e-04 2.157063581697130430e-03
1.654239919853781604e-01 3.286360105119430302e-04 9.459636213855548504e-04 2.232916857968029242e-03
1.688982510582120178e-01 3.255783888288581954e-04 9.504853163848436077e-04 2.196626814517283616e-03
1.724454770324022057e-01 3.271679413269128005e-04 9.711587139409981863e-04 2.149698840265832408e-03
1.760672023695706301e-01 3.229313524838603390e-04 9.877885471760371964e-04 2.290389657041061195e-03
1.797649917163240685e-01 3.267428388644127578e-04 1.009124623401774995e-03 2.369446562161475235e-03
1.835404425802081019e-01 3.324102063792149300e-04 1.029842812149187959e-03 2.355659167542547509e-03
1.873951860198573849e-01 3.274782033543043947e-04 9.910339210572251690e-04 2.379450051720560094e-03
1.913308873496404605e-01 3.225470556106618683e-04 9.922256988903360199e-04 2.459554433087924978e-03
1.953492468591038755e-01 3.290035584613752555e-04 1.023565475154785244e-03 2.505319635526395607e-03
1.994520005475258762e-01 3.232609408559248719e-04 1.029480038669072003e-03 2.514283496462774072e-03
2.036409208738976240e-01 3.211843624016720057e-04 1.010893225115606833e-03 2.494875089688302489e-03
2.079178175226553127e-01 3.256557097929436029e-04 1.002977381793609696e-03 2.601566730363778172e-03
2.122845381854945590e-01 3.172228807246905307e-04 9.893559461554520852e-04 2.646903207020459298e-03
2.167429693596043538e-01 3.163863294527898538e-04 9.778115205596651233e-04 2.553058450967995562e-03
2.212950371626659363e-01 3.146363534368429174e-04 9.870708021874803357e-04 2.477440400192158516e-03
2.259427081649679481e-01 3.162298451827413501e-04 1.011049037498704421e-03 2.581114632650421004e-03
2.306879902389985249e-01 3.079151773814211516e-04 1.009610260892299929e-03 2.580371389126875394e-03
2.355329334268796149e-01 3.107832470045352293e-04 1.038888628420875848e-03 2.569425775125074550e-03
2.404796308260201132e-01 3.179197173886856771e-04 1.053842704417467862e-03 2.634965241493570330e-03
2.455302194933694504e-01 3.171628528260333818e-04 1.068327711958726991e-03 2.713411649621645313e-03
2.506868813686621844e-01 3.248295850926677321e-04 1.055765684141125437e-03 2.752194769859890588e-03
2.559518442170529151e-01 3.312705395115178087e-04 1.064684218825557270e-03 2.699665861980549402e-03
2.613273825915485293e-01 3.234685385836821424e-04 1.044065812884407626e-03 2.679967859720332798e-03
2.668158188156535826e-01 3.167715577175165718e-04 1.046640804986174447e-03 2.770762305876969117e-03
2.724195239866533114e-01 3.214031368969425114e-04 1.077157091213406647e-03 2.771213964355409998e-03
2.781409189999677900e-01 3.163976142127072249e-04 1.076594540350530324e-03 2.750441668734711007e-03
2.839824755950196011e-01 3.113970550794765025e-04 1.076010805619314606e-03 2.837365602142127071e-03
2.899467174230673239e-01 3.129552448449985660e-04 1.070486866473902227e-03 2.861995853890341671e-03
2.960362211374651942e-01 3.173742181207207997e-04 1.069793519070343438e-03 2.761348901379927570e-03
3.022536175068213371e-01 3.146261600285975030e-04 1.095926762083135201e-03 2.853766806863698453e-03
3.086015925515340208e-01 3.213158884741062669e-04 1.113818525678212474e-03 2.907069057411053314e-03
3.150828887041979831e-01 3.190426737039618794e-04 1.101617401788716928e-03 2.988889608063816528e-03
3.217003059943817633e-01 3.137710584526972333e-04 1.082539857911675929e-03 2.918343484388005293e-03
3.284567032582877411e-01 3.107205465431449494e-04 1.093102340592261301e-03 2.905016834653479860e-03
3.353549993738177970e-01 3.133465577151981255e-04 1.126385242803841199e-03 2.993873366889457811e-03
3.423981745215778916e-01 3.116688532669561942e-04 1.116915063780430815e-03 2.994880723202391314e-03
3.495892714723665695e-01 3.139326350905822854e-04 1.132952164680246874e-03 2.967971959959610304e-03
3.569313969017033905e-01 3.160651827253313701e-04 1.133101393274553404e-03 2.992130239223640426e-03
3.644277227319651646e-01 3.175205727729831862e-04 1.115971147816455147e-03 2.964230926135244006e-03
3.720814875027103064e-01 3.118819466496350009e-04 1.108417212532757448e-03 2.954680488235714771e-03
3.798959977697825563e-01 3.148550134566545800e-04 1.116798468003970439e-03 3.076119351169854035e-03
3.878746295337989758e-01 3.194571522880303724e-04 1.136367229081130257e-03 3.016305470444597282e-03
3.960208296986395538e-01 3.206620896964033408e-04 1.189719212028812582e-03 3.050551528723028771e-03
4.043381175605677558e-01 3.117634820268526267e-04 1.165972343058103988e-03 3.036198382128909613e-03
4.128300863286261113e-01 3.099638976838428009e-04 1.144230300741820756e-03 3.041922368712748122e-03
4.215004046769633694e-01 3.157037873130747298e-04 1.170325068395471849e-03 3.113076406815395818e-03
4.303528183297636867e-01 3.106700417003780464e-04 1.164937121095151705e-03 3.120156333095939517e-03
4.393911516794627992e-01 3.013993644941685094e-04 1.100047529536393731e-03 2.951478706529019752e-03
4.486193094389504532e-01 2.995757507533834555e-04 1.108134841092860059e-03 3.111288534247916553e-03
4.580412783284723011e-01 3.111862754322434446e-04 1.173965896749892346e-03 3.119473690114443667e-03
4.676611287979602349e-01 3.091841531121740350e-04 1.151199464201244386e-03 3.105928454212965838e-03
4.774830167855361740e-01 3.023869506771807779e-04 1.148916592964951489e-03 3.131733625572293879e-03
4.875111855129470317e-01 2.999727196706296426e-04 1.168265534602565920e-03 3.217667098923033837e-03
4.977499673187086859e-01 2.984097580945958557e-04 1.173164186455617633e-03 3.167701294186933691e-03
5.082037855297493190e-01 2.936945371754502774e-04 1.131673260650245668e-03 3.107266901702788412e-03
5.188771563723615365e-01 2.922756080255223352e-04 1.128154201726640302e-03 3.161489696911381434e-03
5.297746909232884382e-01 2.965813775212155405e-04 1.171732180615958369e-03 3.175271570685196491e-03
5.409010971017869096e-01 3.020884831562937263e-04 1.193397650525377827e-03 3.254990558409451198e-03
5.522611817035278925e-01 3.044741247425383464e-04 1.224648708419651556e-03 3.387707582097135035e-03
5.638598524772149290e-01 3.038933773299525606e-04 1.250250940669496999e-03 3.414543847188217934e-03
5.757021202448122654e-01 3.045826956998326680e-04 1.243241850269879859e-03 3.406905534813639124e-03
5.877931010663065559e-01 3.079286992513095888e-04 1.267244814350296884e-03 3.502654241904771398e-03
6.001380184499305326e-01 3.129447106531316690e-04 1.271683584137439605e-03 3.579038326251442192e-03
6.127422056088071001e-01 3.145876661769467383e-04 1.284233930185909494e-03 3.613988688534394700e-03
6.256111077649877394e-01 3.166878780911992113e-04 1.280038878983218512e-03 3.637033365733167729e-03
6.387502845018800945e-01 3.176175612664918521e-04 1.263798541661973742e-03 3.537409071410851664e-03
6.521654121660825920e-01 3.188731676778992427e-04 1.267898234209601958e-03 3.534243046189269703e-03
6.658622863196620445e-01 3.206601194283604942e-04 1.261643882573562853e-03 3.543910851934812135e-03
6.798468242439340559e-01 3.256458641164961887e-04 1.278775080700707625e-03 3.509625503584783406e-03
6.941250674958291400e-01 3.310198468795103087e-04 1.281562079989257167e-03 3.493967990274754725e-03
7.087031845179474487e-01 3.325580225768623053e-04 1.296420397650592310e-03 3.551777667322383869e-03
7.235874733034300954e-01 3.334374646784140869e-04 1.324708957732328085e-03 3.691379594333284685e-03
7.387843641167988196e-01 3.325716720340686776e-04 1.315022361127465497e-03 3.742322200659002618e-03
7.543004222719390528e-01 3.330936768892304480e-04 1.308521526218134595e-03 3.790364404168752779e-03
7.701423509684267588e-01 3.337142864358961440e-04 1.286599871250698138e-03 3.819939937992418606e-03
7.863169941874234015e-01 3.348032046862992137e-04 1.309962360824291905e-03 3.847773378853948725e-03
8.028313396483924835e-01 3.286984957552770430e-04 1.323803638496705076e-03 3.800794805288391660e-03
8.196925218279117464e-01 3.297779563503906003e-04 1.326770916598314512e-03 3.781160831064963798e-03
8.369078250418880982e-01 3.343913449832567144e-04 1.334050364158593073e-03 3.830399951483866045e-03
8.544846865925055379e-01 3.356269826304912455e-04 1.320202990092207793e-03 3.776268091338358911e-03
8.724306999812648789e-01 3.373331879415396545e-04 1.320526224835323137e-03 3.807325372543050521e-03
8.907536181895053806e-01 3.407545527843227891e-04 1.344410507686652576e-03 3.885947706881501523e-03
9.094613570278234915e-01 3.400389872816239395e-04 1.362794649467436716e-03 3.883829473116529995e-03
9.285619985558370981e-01 3.392582581518261927e-04 1.357666987367291654e-03 3.872518029811468539e-03
9.480637945737722116e-01 3.394293480968386587e-04 1.334374137936657255e-03 3.923515884339316001e-03
9.679751701873794412e-01 3.398547833388333088e-04 1.333169276217049601e-03 3.896685872947163766e-03
9.883047274477233524e-01 3.380973354300760071e-04 1.358703762440331524e-03 3.869447764883698297e-03
1.009061249067412458e+00 3.417345100499047145e-04 1.351505193993415106e-03 3.868615773826674341e-03
1.030253702214882106e+00 3.383192230849167074e-04 1.382929185396777330e-03 3.976857260190393845e-03
1.051891242388360181e+00 3.416287143476249059e-04 1.393873748538094473e-03 3.987668915136012744e-03
1.073983217371198728e+00 3.451671823278186523e-04 1.418543211709167098e-03 3.998594194307575518e-03
1.096539171270273894e+00 3.502275516163450963e-04 1.392298456787091805e-03 4.064710338562433321e-03
1.119568848639202585e+00 3.531554725904899241e-04 1.424442250281625659e-03 4.095572535856017125e-03
1.143082198688152529e+00 3.534564349018809318e-04 1.432515535972314798e-03 4.183522766599674647e-03
1.167089379582071595e+00 3.565064823367517345e-04 1.439796842915235789e-03 4.173598837728099281e-03
1.191600762829185367e+00 3.599653590048923425e-04 1.459630026613992866e-03 4.137488218977167058e-03
1.216626937761664085e+00 3.589039254173228936e-04 1.458124173187773896e-03 4.142071470131426618e-03
1.242178716110394543e+00 3.582025123722811150e-04 1.442747728364479924e-03 4.057980408523001112e-03
1.268267136675829354e+00 3.567066037795100413e-04 1.439497479767176376e-03 4.020007291225298138e-03
1.294903470096936182e+00 3.601210671572902845e-04 1.440377771770691689e-03 4.017825726198193635e-03
1.322099223720304195e+00 3.670489424198013499e-04 1.474159158424422512e-03 4.066636329809986822e-03
1.349866146571512271e+00 3.750554342510210534e-04 1.510508666868384765e-03 4.119123045960977787e-03
1.378216234430907683e+00 3.803325593443797770e-04 1.519322330534257333e-03 4.093014711956218660e-03
1.407161735015984405e+00 3.801666926632291067e-04 1.519735949902188731e-03 4.069433447505170845e-03
1.436715153272606127e+00 3.771839834667174165e-04 1.510217113517884225e-03 4.233825272819335787e-03
1.466889256777353268e+00 3.762602286536058751e-04 1.526703566950582966e-03 4.279521509126306758e-03
1.497697081253331897e+00 3.824158598359488504e-04 1.539535025782743207e-03 4.236515392817561190e-03
1.529151936201827766e+00 3.816403730929427557e-04 1.556580701981991749e-03 4.252014569644704811e-03
1.561267410652234400e+00 3.831405227697945969e-04 1.566937196187591580e-03 4.232435879385818174e-03
1.594057379032744803e+00 3.849226227045653734e-04 1.549590236962813299e-03 4.207520666826908978e-03
1.627536007164338772e+00 3.905543844334886656e-04 1.551754577602023526e-03 4.216064397495142974e-03
1.661717758380657717e+00 3.957374778872708347e-04 1.564855525149207085e-03 4.246976457039581057e-03
1.696617399776407797e+00 3.972128071051399148e-04 1.592999248937806457e-03 4.291299603993489059e-03
1.732250008586996737e+00 3.976843397226665928e-04 1.586656391380337084e-03 4.341679160090138392e-03
1.768630978702153245e+00 3.959238883961775971e-04 1.592526095296350596e-03 4.444480471929620168e-03
1.805776027316347676e+00 3.992773190687083770e-04 1.591781135516115702e-03 4.455279185746710037e-03
1.843701201718886962e+00 4.000604945284902490e-04 1.609525440561251648e-03 4.416862356516532140e-03
1.882422886226613912e+00 4.025386505996740431e-04 1.620728762827616061e-03 4.454916852505256229e-03
1.921957809262209604e+00 4.033928446220561362e-04 1.625459591889189892e-03 4.480094206818407455e-03
1.962323050581155304e+00 3.997517335046767584e-04 1.632286494367489373e-03 4.421604415436820347e-03
2.003536048650475188e+00 4.012804592687186029e-04 1.625451036088283816e-03 4.398462442363931628e-03
2.045614608182449778e+00 4.064572433709608503e-04 1.625652938520824424e-03 4.420257850178072392e-03
2.088576907826551921e+00 4.104438765186254495e-04 1.631416831580647341e-03 4.417136251606382756e-03
2.132441508022931753e+00 4.102830101534183098e-04 1.641342171163893884e-03 4.488956030957559976e-03
2.177227359020839081e+00 4.092004421521067289e-04 1.620807130180434291e-03 4.517958712535486213e-03
2.222953809065454589e+00 4.079578505319458414e-04 1.614020349970045429e-03 4.520673178741134099e-03
2.269640612756656406e+00 4.108405126110219250e-04 1.632715790343546112e-03 4.465355765066380753e-03
2.317307939583341803e+00 4.161549855766848941e-04 1.654227453288939238e-03 4.392867128553726644e-03
2.365976382636989062e+00 4.176590392171735289e-04 1.677465309131042758e-03 4.375007264885457520e-03
2.415666967508219631e+00 4.147861961266033435e-04 1.662918518214041332e-03 4.420420548029395727e-03
2.466401161370209927e+00 4.161180229093441700e-04 1.638432285325684950e-03 4.392489086075088318e-03
2.518200882252872752e+00 4.168086084636200492e-04 1.649555121234384976e-03 4.402568646263415979e-03
2.571088508511817139e+00 4.208795124492890915e-04 1.631732733509736345e-03 4.429016030429595505e-03
2.625086888496176218e+00 4.280460930868435865e-04 1.625278251840312242e-03 4.517181973025579701e-03
2.680219350419482005e+00 4.243071438432347562e-04 1.635851575189233281e-03 4.519874996507715001e-03
2.736509712437845465e+00 4.191702996220928834e-04 1.648444282717362319e-03 4.505360017410098457e-03
2.793982292939805046e+00 4.171595791598206419e-04 1.650108780966234130e-03 4.422153979311366223e-03
2.852661921052281446e+00 4.236991597627229995e-04 1.639474722027855179e-03 4.419976464196724401e-03
2.912573947367180338e+00 4.265420125441093295e-04 1.619310973098539138e-03 4.391433455432830479e-03
2.973744254893275762e+00 4.220027003146224168e-04 1.614549818637747280e-03 4.367552350649614619e-03
3.036199270238110426e+00 4.128546494403564069e-04 1.619431765785776540e-03 4.384782851300054150e-03
3.099965975024733478e+00 4.152055060688367182e-04 1.641849401128726285e-03 4.444261134581594698e-03
3.165071917548221592e+00 4.242675433426708591e-04 1.660807258193204268e-03 4.445470206591888539e-03
3.231545224677005557e+00 4.328290536542707769e-04 1.671718327681983316e-03 4.429487901939772182e-03
3.299414614004156032e+00 4.328525854221767274e-04 1.682774514988144522e-03 4.431710466787412706e-03
3.368709406253866945e+00 4.241402360174136086e-04 1.669961101212467415e-03 4.418959486525433737e-03
3.439459537948505119e+00 4.196587300184091663e-04 1.658977507130980720e-03 4.418567437293739394e-03
3.511695574341695103e+00 4.242277138065541232e-04 1.654160093174841112e-03 4.460760074121264060e-03
3.585448722623025386e+00 4.382419860340268565e-04 1.663074624502039554e-03 4.464195586651335812e-03
3.660750845400081221e+00 4.394126200513352276e-04 1.689036236395814045e-03 4.548222055105539258e-03
3.737634474463630951e+00 4.387382525474613909e-04 1.704795688751474742e-03 4.670733775883441526e-03
3.816132824841910409e+00 4.353641063726245634e-04 1.706294063185919948e-03 4.625912382022950853e-03
3.896279809150075657e+00 4.402113631446608576e-04 1.695337871075550768e-03 4.708166763633516404e-03
3.978110052241026651e+00 4.576509760031666706e-04 1.735133683362460617e-03 4.686098802088733625e-03
4.061658906163930993e+00 4.665905349868785450e-04 1.780079643700775574e-03 4.672945745040781203e-03
4.146962465436903500e+00 4.667461477869881930e-04 1.790490456167805619e-03 4.917735833715163214e-03
4.234057582640454065e+00 4.666499470716285562e-04 1.819689346866422940e-03 4.913674428743557837e-03
4.322981884338419789e+00 4.784249911869861921e-04 1.832378230323585900e-03 5.014213772979135564e-03
4.413773787333281184e+00 5.026415168685848932e-04 1.879434853139552416e-03 5.061556641497629364e-03
4.506472515262869294e+00 5.290791503544549140e-04 1.935060764675334720e-03 5.244772670676763233e-03
4.601118115545640208e+00 5.447157808677103143e-04 1.999110288061709591e-03 5.409902618629384118e-03
4.697751476681839122e+00 5.532546192477707766e-04 2.057429692435920176e-03 5.604985620936091435e-03
4.796414345918020850e+00 5.696819277864462443e-04 2.131107548510454211e-03 5.794692804698068321e-03
4.897149347282570453e+00 6.064427470230230894e-04 2.217599041297663425e-03 5.850706949386281185e-03
5.000000000000000888e+00 6.489012204584061012e-04 2.289396580401780856e-03 6.187820852359746278e-03
