1.000000000000000021e-02 2.523952748056516350e-04 6.282203061471302967e-04 1.450350659503119640e-03
1.024704793757475266e-02 2.474009327305768530e-04 6.191661194519187212e-04 1.433275113276502241e-03
1.050019914349549846e-02 2.420178984868199895e-04 6.087034393315961028e-04 1.414121810215814099e-03
1.075960439774797245e-02 2.370933168187310685e-04 6.000910042238341438e-04 1.393693621179943306e-03
1.102541820530636082e-02 2.322835118682023230e-04 5.894953616670081838e-04 1.371166161515102993e-03
1.129779888815837276e-02 2.278596953729434052e-04 5.798168097254813606e-04 1.350760600125483490e-03
1.157690867960375902e-02 2.234269312439693736e-04 5.707330843747714100e-04 1.324559716862181921e-03
1.186291382088249489e-02 2.190495730723538629e-04 5.595619732669584317e-04 1.303267231158092765e-03
1.215598466019009866e-02 2.146405474796789605e-04 5.503466692383224800e-04 1.283659265416169006e-03
1.245629575413912879e-02 2.108005751186357130e-04 5.416584747599878166e-04 1.265671156017725762e-03
1.276402597172724904e-02 2.067197221246056742e-04 5.326517758454099236e-04 1.248821023145854810e-03
1.307935860087382912e-02 2.027602230699684113e-04 5.242263150963947550e-04 1.232558960681003849e-03
1.340248145758847660e-02 1.989861636455301055e-04 5.160156978250122779e-04 1.218266636047349088e-03
1.373358699783658668e-02 1.953763133820322190e-04 5.091673844133125281e-04 1.205545348194773936e-03
1.407287243216849039e-02 1.918653510492824643e-04 5.013448226291068992e-04 1.188264910430541794e-03
1.442053984318047120e-02 1.882684660101520782e-04 4.928451717873156028e-04 1.167616495567593482e-03
1.477679630587769993e-02 1.851898822293894693e-04 4.861393815615877882e-04 1.147125943117488544e-03
1.514185401101062964e-02 1.822664691330113209e-04 4.786498495981463832e-04 1.129322335347930726e-03
1.551593039145844621e-02 1.795614991641105557e-04 4.712001614006645499e-04 1.113894975935940390e-03
1.589924825173476969e-02 1.766968917900621017e-04 4.643924534036213375e-04 1.095034592253301894e-03
1.629203590069277716e-02 1.739142154591497371e-04 4.585611353668080569e-04 1.075797103242115676e-03
1.669452728750877440e-02 1.713343138107466853e-04 4.524720392513371394e-04 1.059816405752327237e-03
1.710696214102521914e-02 1.686081055102746124e-04 4.464657086796977180e-04 1.047117709464529412e-03
1.752958611253618501e-02 1.662223015983015854e-04 4.420603844553094722e-04 1.033995023415094309e-03
1.796265092210029557e-02 1.637863271239990519e-04 4.373914678113927871e-04 1.016134960735916954e-03
1.840641450846831201e-02 1.615430011840385662e-04 4.309973406499071204e-04 9.999056408911632075e-04
1.886114118271462262e-02 1.595370672624833578e-04 4.252480866594126425e-04 9.856672515151326894e-04
1.932710178566421008e-02 1.576247572574044947e-04 4.201798248297055303e-04 9.722813753173235223e-04
1.980457384920877514e-02 1.556968249750638835e-04 4.139806491856144353e-04 9.573670639197246401e-04
2.029384176160816539e-02 1.538194141417561795e-04 4.100211844490315115e-04 9.427892255725588708e-04
2.079519693687553392e-02 1.519087767300538339e-04 4.046723140664579711e-04 9.303986576293875018e-04
2.130893798834713679e-02 1.502311610939449248e-04 3.998077245604516922e-04 9.156644603282957252e-04
2.183537090654008236e-02 1.488290742944150288e-04 3.934038326309021740e-04 9.041399606433232284e-04
2.237480924140412830e-02 1.474549350540708622e-04 3.889482599976727684e-04 8.879109814077747100e-04
2.292757428907587006e-02 1.462927246660098313e-04 3.852977139221367342e-04 8.766062808234589311e-04
2.349399528324667974e-02 1.450574107568352331e-04 3.822917361097575564e-04 8.616113596478592110e-04
2.407440959125838748e-02 1.438537623607682298e-04 3.780468935860805020e-04 8.469916397044021435e-04
2.466916291504341052e-02 1.431272087160859185e-04 3.740970993408965044e-04 8.363721779492096697e-04
2.527860949702911281e-02 1.418426835007840082e-04 3.698764154620454571e-04 8.243498215591530016e-04
2.590311233112897391e-02 1.409021570087020064e-04 3.671359927186524947e-04 8.094583222480657841e-04
2.654304337894622737e-02 1.401782253632515506e-04 3.647264503689797983e-04 7.915205478645722693e-04
2.719878379131881324e-02 1.399329049223999814e-04 3.622696921267022207e-04 7.768992012565966235e-04
2.787072413533750459e-02 1.390585602400618709e-04 3.575788150901007176e-04 7.637312280629203519e-04
2.855926462697251991e-02 1.385739657668742309e-04 3.549094768549444063e-04 7.525378045848066114e-04
2.926481536944703504e-02 1.386428526388121122e-04 3.537652958666337899e-04 7.324410626538371046e-04
2.998779659749981411e-02 1.383527541532733108e-04 3.495274207451186800e-04 7.192113581906981129e-04
3.072863892768216629e-02 1.380084851940321521e-04 3.479373564971996392e-04 7.064912313211664952e-04
3.148778361483847710e-02 1.383546710577862539e-04 3.468895370917695698e-04 6.984006652354354848e-04
3.226568281492307039e-02 1.384730608827463140e-04 3.464548672782709554e-04 6.907460060348642348e-04
3.306279985430987667e-02 1.384696366012661732e-04 3.428710092325766893e-04 6.806695706584539336e-04
3.387960950575528291e-02 1.391452615217127838e-04 3.407714644408094541e-04 6.742506002652615864e-04
3.471659827117876823e-02 1.399841564000179164e-04 3.421772586708530075e-04 6.666861891070756949e-04
3.557426467142935783e-02 1.406734237505822172e-04 3.433642370994268713e-04 6.511571808690293619e-04
3.645311954321085735e-02 1.414951801210823014e-04 3.451093953268530323e-04 6.402051180300485445e-04
3.735368634334246957e-02 1.427300188094362242e-04 3.446939932634224941e-04 6.308884221052510561e-04
3.827650146053616920e-02 1.434549404711484943e-04 3.437648799177217855e-04 6.305457618696600668e-04
3.922211453487641636e-02 1.444068893370264658e-04 3.453268974051595898e-04 6.237412037034115913e-04
4.019108878519260519e-02 1.456691151629638996e-04 3.467862582985188819e-04 6.238379753547613907e-04
4.118400134451916800e-02 1.469317009197240829e-04 3.492903851555726759e-04 6.240154020947592979e-04
4.220144360384309873e-02 1.478832044687963256e-04 3.513250043518207581e-04 6.204171731691883592e-04
4.324402156434375977e-02 1.491019360106752255e-04 3.521983148388186085e-04 6.174420617109755783e-04
4.431235619833468614e-02 1.501973218947129504e-04 3.541252196089622562e-04 6.116303427556681917e-04
4.540708381912234720e-02 1.513607039104866627e-04 3.560874784527662783e-04 6.096500346038587247e-04
4.652885646000215480e-02 1.527071727019402054e-04 3.594160598063215594e-04 6.105161716717232446e-04
4.767834226261768310e-02 1.539357805461242991e-04 3.614497645204841529e-04 6.133908439428087649e-04
4.885622587491396385e-02 1.549654568033583685e-04 3.634716520319884367e-04 6.195601065998991661e-04
5.006320885892234090e-02 1.561159744614519789e-04 3.671695597991430564e-04 6.203457120297021371e-04
5.130001010861944682e-02 1.575535550758045485e-04 3.704381432923026718e-04 6.220984891497490996e-04
5.256736627810928986e-02 1.586300798138803490e-04 3.736522258335040034e-04 6.236212038380384466e-04
5.386603222038363614e-02 1.598312238078074461e-04 3.756862679836598610e-04 6.322298644381265428e-04
5.519678143692172828e-02 1.607413588782179940e-04 3.794430301797799862e-04 6.358045444431608155e-04
5.656040653839732035e-02 1.621423890339610723e-04 3.825696945265452458e-04 6.346719685747033608e-04
5.795771971676737938e-02 1.630994910297514102e-04 3.850879560565599775e-04 6.321828154267139033e-04
5.938955322902367273e-02 1.641741513428502568e-04 3.869060962855923585e-04 6.287596142516273202e-04
6.085675989289530269e-02 1.650813233220527795e-04 3.883023937774189669e-04 6.281718141075729811e-04
6.236021359479747284e-02 1.656902513978661688e-04 3.894609425448298926e-04 6.322644957693859423e-04
6.390080981032904284e-02 1.664641131191018514e-04 3.906101006108335773e-04 6.310090871480360502e-04
6.547946613762888057e-02 1.667622455809672781e-04 3.905027022301846285e-04 6.259022086393566716e-04
6.709712284390857706e-02 1.671888404887939591e-04 3.905186276684441469e-04 6.261139458972161042e-04
6.875474342548731910e-02 1.670672263163932973e-04 3.901696656532170062e-04 6.253811691342382392e-04
7.045331518166214613e-02 1.672329228487811584e-04 3.908493888754586607e-04 6.262192881216832119e-04
7.219384980275551922e-02 1.664580424277497064e-04 3.884652623110115637e-04 6.302381272918922833e-04
7.397738397269074118e-02 1.659012040689662433e-04 3.896852727583263081e-04 6.320597772944903025e-04
7.580497998645360780e-02 1.647734683426486555e-04 3.917361005588953626e-04 6.368879809934783337e-04
7.767772638280848185e-02 1.627818814719442090e-04 3.911036100025124364e-04 6.386840647739929584e-04
7.959673859264540519e-02 1.615990106837807735e-04 3.906131826229835170e-04 6.444939772065281505e-04
8.156315960334438453e-02 1.601554077450007278e-04 3.913806069681582804e-04 6.464729871944850529e-04
8.357816063955303409e-02 1.580319409859991004e-04 3.919837329746814290e-04 6.597485414014753408e-04
8.564294186078233451e-02 1.562084959235015029e-04 3.900397291827633890e-04 6.626194072588065731e-04
8.775873307623639763e-02 1.546782678287134431e-04 3.874686529975512926e-04 6.644530655374666916e-04
8.992679447730214659e-02 1.524506736942790933e-04 3.832999237011644705e-04 6.663900549061508010e-04
9.214841738813475680e-02 1.506015961160405260e-04 3.777799265652658812e-04 6.528579779765932229e-04
9.442492503478637500e-02 1.480347211613032403e-04 3.710398898135656401e-04 6.459253598309303446e-04
9.675767333333583353e-02 1.453763149682428242e-04 3.664777861870242631e-04 6.296755514580516452e-04
9.914805169748905356e-02 1.428487643668706320e-04 3.653012877878405464e-04 6.308601364457150926e-04
1.015974838661310165e-01 1.408301160662688652e-04 3.674331919132021985e-04 6.420882533623420343e-04
1.041074287513222008e-01 1.401639730256437340e-04 3.749790666483304659e-04 6.708202773934772521e-04
1.066793813072447195e-01 1.397992900351909538e-04 3.865816209864245991e-04 7.160503967697092950e-04
1.093148734206152578e-01 1.409652045262826047e-04 4.033231480673424860e-04 7.525367646782281199e-04
1.120154748230960673e-01 1.428811527045219633e-04 4.183840794117657351e-04 7.898310660866878332e-04
1.147827940262463181e-01 1.457246298716835271e-04 4.275235130825570380e-04 8.160688471381036778e-04
1.176184792795714890e-01 1.473740860248783037e-04 4.348608670942003354e-04 8.287158963735272122e-04
1.205242195522411852e-01 1.490373723698044548e-04 4.298620014403648480e-04 8.019941611783354277e-04
1.235017455390599594e-01 1.495793456900023385e-04 4.235269502772877641e-04 7.785761046184311134e-04
1.265528306912906409e-01 1.485378992200666172e-04 4.175081738904426010e-04 7.493627341548008075e-04
1.296792922729436415e-01 1.466612477148069432e-04 4.115589726000062486e-04 7.276998267567836394e-04
1.328829924431621512e-01 1.457307689887610714e-04 4.115486923299501213e-04 7.355774625934547069e-04
1.361658393653465970e-01 1.448973043746657223e-04 4.182953939628880884e-04 7.716390000906811139e-04
1.395297883436809883e-01 1.457203190017775291e-04 4.336694478211091048e-04 8.064152318583927247e-04
1.429768429877358027e-01 1.482806109953443898e-04 4.584264335732984169e-04 8.597447656400329956e-04
1.465090564058427469e-01 1.518698848808342481e-04 4.731053211072441247e-04 8.998186971230033495e-04
1.501285324279514055e-01 1.551230844489891820e-04 4.782245062804976353e-04 9.193232862092394616e-04
1.538374268586963634e-01 1.578340952483699351e-04 4.903893858501263015e-04 9.150685489052582701e-04
1.576379487614211483e-01 1.580276528399067102e-04 4.882324865386629929e-04 8.987918741139454184e-04
1.615323617739234940e-01 1.587510354947388740e-04 4.859353743505178173e-04 9.179851949745616293e-04
1.655229854567062397e-01 1.593288515943430065e-04 4.938161972492854847e-04 9.697006862487452103e-04
1.696121966745357534e-01 1.606475625520734822e-04 4.977501745255330599e-04 1.028689222207856448e-03
1.738024310121324689e-01 1.612862020871305994e-04 5.030866666672970241e-04 1.059134152499809425e-03
1.780961842248350302e-01 1.645003448648872039e-04 5.093848330269280236e-04 1.095122869521845824e-03
1.824960137251029069e-01 1.677007171730035030e-04 5.181488239872172842e-04 1.063830417799538222e-03
1.870045401057429391e-01 1.705533361713157923e-04 5.212784473602562803e-04 1.056695463660598921e-03
1.916244487007668085e-01 1.722911647339746516e-04 5.198332862537169462e-04 1.035243494649954821e-03
1.963584911848091641e-01 1.773315771297506466e-04 5.255473272401846177e-04 1.030084757271860574e-03
2.012094872120588906e-01 1.798292648821090333e-04 5.412787974746900883e-04 1.029009467771046290e-03
2.061803260956802664e-01 1.814652760874470240e-04 5.558709215717454319e-04 1.099105791882410300e-03
2.112739685287230440e-01 1.840112374445396540e-04 5.663168879596062110e-04 1.109152408267382326e-03
2.164934483475484395e-01 1.841848914523907708e-04 5.845827975863548661e-04 1.127657150992283355e-03
2.218418743388192449e-01 1.818327498699201083e-04 5.756034610570702871e-04 1.103079085694444895e-03
2.273224320911315099e-01 1.807806846910525668e-04 5.737344085387073188e-04 1.088725697599722802e-03
2.329383858923906037e-01 1.818734964237659843e-04 5.656418120358594264e-04 1.087933886494499465e-03
2.386930806740612809e-01 1.823105607036488291e-04 5.474523926128311646e-04 1.100581204685985607e-03
2.445899440034503824e-01 1.835519292046251143e-04 5.474917594441911211e-04 1.080523316898646547e-03
2.506324881252080528e-01 1.862413620115222076e-04 5.532209049921561848e-04 1.125284536625427087e-03
2.568243120532642809e-01 1.897458783310253228e-04 5.602613576270918348e-04 1.100956697152669517e-03
2.631691037144456291e-01 1.907359735467478658e-04 5.630451898927935203e-04 1.093185490241695102e-03
2.696706421450506541e-01 1.903917782503032727e-04 5.706594509382804763e-04 1.096137829308071066e-03
2.763327997416900050e-01 1.919428009059625758e-04 5.753944480905804964e-04 1.113611562609253484e-03
2.831595445677341782e-01 1.930237634557026944e-04 5.841644553087227713e-04 1.072666560349724418e-03
2.901549427167406936e-01 1.933168424905860200e-04 5.797619579580380166e-04 1.070311184584302492e-03
2.973231607342697869e-01 1.930546992177958172e-04 5.754462254181253204e-04 1.057902432038190918e-03
3.046684680995305761e-01 1.946358465400125097e-04 5.568343974422562724e-04 1.064033215628312984e-03
3.121952397683354086e-01 1.949984170904405466e-04 5.576303812269836147e-04 1.083092127135992181e-03
3.199079587788778434e-01 1.954768132912159046e-04 5.644392237923274644e-04 1.085749814794061434e-03
3.278112189218849171e-01 1.964020751680777162e-04 5.717030716359549920e-04 1.082376247016921152e-03
3.359097274767366414e-01 1.972679684545046810e-04 5.788041580264670577e-04 1.060164500054110040e-03
3.442083080151791541e-01 2.014994427666073982e-04 5.890401362967399379e-04 1.042055514180982145e-03
3.527119032743036287e-01 2.025639421626463537e-04 5.866206186102627777e-04 1.042172182856385913e-03
3.614255781005018542e-01 2.049123203575534114e-04 5.853299704919707417e-04 1.046829484870061625e-03
3.703545224661510260e-01 2.078436687252683656e-04 5.884749212565218782e-04 1.055680751905562799e-03
3.795040545608255322e-01 2.088555502929005268e-04 5.966493897860404528e-04 1.077614111733693220e-03
3.888796239588763748e-01 2.084705380135866589e-04 6.044722648210121198e-04 1.079771655340931030e-03
3.984868148652651043e-01 2.102811297520823302e-04 6.053249452508808982e-04 1.095650737651525245e-03
4.083313494415847233e-01 2.138364016885072353e-04 6.111970873905096064e-04 1.088019484025101648e-03
4.184190912142506380e-01 2.180271420685792093e-04 6.190580961169901480e-04 1.107097696265623744e-03
4.287560485668889254e-01 2.198364856318813887e-04 6.281732706664469286e-04 1.132103192368370771e-03
4.393483783190039182e-01 2.224082457326879167e-04 6.347462173399566303e-04 1.138345891952357051e-03
4.502023893930561238e-01 2.235578830638884119e-04 6.475897060947343950e-04 1.168481501034820047e-03
4.613245465721341199e-01 2.263759255560371267e-04 6.500906405417901596e-04 1.174583324576455650e-03
4.727214743504594696e-01 2.282587631249189514e-04 6.560893005847146702e-04 1.188402477552485265e-03
4.843999608790172107e-01 2.317424224964986475e-04 6.639932830430756144e-04 1.188944071750272329e-03
4.963669620086626488e-01 2.354754814600229637e-04 6.720855055601661051e-04 1.202617247011786034e-03
5.086296054331111982e-01 2.383760262093958149e-04 6.818928252308359460e-04 1.237179927379292426e-03
5.211951949342822354e-01 2.414125472429436538e-04 6.943164039869564614e-04 1.252707952628431473e-03
5.340712147325208381e-01 2.434842476965135298e-04 7.022827222400739901e-04 1.273459356876966136e-03
5.472653339442919984e-01 2.469386076788010909e-04 7.078563405974103899e-04 1.291533105004853427e-03
5.607854111500015781e-01 2.490773279099989051e-04 7.168952661871115777e-04 1.301997877700968595e-03
5.746394990746632736e-01 2.523561530839597009e-04 7.256934755964559005e-04 1.331312989337568326e-03
5.888358493842017483e-01 2.546832671477166688e-04 7.323574775674032613e-04 1.355767765868617783e-03
6.033829176002462047e-01 2.568059265216693149e-04 7.437129712513387923e-04 1.369555855132081196e-03
6.182893681363439420e-01 2.602457985137708249e-04 7.544475729295249981e-04 1.372326779371544833e-03
6.335640794585923885e-01 2.641223515786036220e-04 7.617696232127057565e-04 1.379372273007236412e-03
6.492161493737614864e-01 2.668691262870911182e-04 7.709631718783722639e-04 1.389035489408933571e-03
6.652549004480625694e-01 2.700836257285301432e-04 7.787430127113842806e-04 1.406351857311961785e-03
6.816898855597816054e-01 2.744410073294568085e-04 7.914711316423225567e-04 1.422967565655112185e-03
6.985308935890929272e-01 2.782391819076824972e-04 7.976366458601232001e-04 1.434816579737926284e-03
7.157879552484364138e-01 2.823399926895844457e-04 8.062629284046951084e-04 1.450268828457555162e-03
7.334713490569338967e-01 2.857058555933111822e-04 8.198770228586830426e-04 1.475985737962053415e-03
7.515916074624026111e-01 2.890861579357758703e-04 8.269356542097520144e-04 1.485891779724141841e-03
7.701595231146105558e-01 2.930474673985959569e-04 8.371554926780495247e-04 1.490539003821166400e-03
7.891861552935128810e-01 2.961218533500403088e-04 8.462525255225933525e-04 1.493909508172505240e-03
8.086828364962939109e-01 3.007949637791119176e-04 8.502296998406314987e-04 1.525001286809807028e-03
8.286611791871449917e-01 3.047864900674479723e-04 8.571617251524128907e-04 1.553118274030260539e-03
8.491330827137896220e-01 3.084149271900141838e-04 8.650611333107519540e-04 1.567303178362279082e-03
8.701107403948828978e-01 3.109171915305227428e-04 8.749149509642418880e-04 1.578731891173391260e-03
8.916066467825025654e-01 3.148209544727384197e-04 8.861229456520419538e-04 1.610878646092285408e-03
9.136336051040584438e-01 3.181540129983694335e-04 8.973318993315626893e-04 1.622556697745051232e-03
9.362047348880527808e-01 3.213061234629280760e-04 9.084489545992817426e-04 1.640536945531395315e-03
9.593334797782339107e-01 3.253213934429197347e-04 9.210600955243881168e-04 1.676998656373846191e-03
9.830336155407967125e-01 3.291492715013523678e-04 9.302781409200427650e-04 1.680319637156565135e-03
1.007319258269396833e+00 3.334777517536035327e-04 9.369613076430949620e-04 1.710361444542921874e-03
1.032204872792875205e+00 3.362945666473463437e-04 9.495428370786934127e-04 1.735854948900106927e-03
1.057705281290684196e+00 3.413749684155575718e-04 9.546914880229619106e-04 1.750375971850945617e-03
1.083835672121162830e+00 3.444628632477298867e-04 9.702662815951644060e-04 1.761961497801757754e-03
1.110611608867911881e+00 3.493806383479601497e-04 9.826560987867547555e-04 1.782288531328932602e-03
1.138049039609651425e+00 3.538148119325555696e-04 9.976827352071683183e-04 1.801754555204668727e-03
1.166164306419100516e+00 3.569938400732986872e-04 1.011062532000144964e-03 1.804028359723670177e-03
1.194974155096513613e+00 3.608727193030135654e-04 1.020385536942741310e-03 1.817228357976091203e-03
1.224495745143686198e+00 3.653360422065243134e-04 1.032001065574159656e-03 1.827780086127746631e-03
1.254746659984366852e+00 3.695006323621459195e-04 1.043565407211850165e-03 1.833521387110885513e-03
1.285744917437161572e+00 3.737617084939121536e-04 1.052825252790321733e-03 1.839262056912021681e-03
1.317508980447168687e+00 3.763604284663756689e-04 1.065471108589178791e-03 1.861264719634826183e-03
1.350057768082737475e+00 3.807756717961929740e-04 1.082460010919215985e-03 1.876178368113978583e-03
1.383410666803898792e+00 3.846445152301784126e-04 1.099467735103218987e-03 1.916815424601309506e-03
1.417587542009180579e+00 3.869574269253069575e-04 1.114106478202893423e-03 1.940218727313376907e-03
1.452608749867683624e+00 3.904432625201059433e-04 1.121337799904912952e-03 1.970956309134159947e-03
1.488495149443468613e+00 3.943243363802550723e-04 1.135647482422260605e-03 1.988542418021475768e-03
1.525268115119471801e+00 3.971567668290276482e-04 1.151714714977415894e-03 1.997272609154357621e-03
1.562949549328351395e+00 4.002304766839521934e-04 1.165371717574320608e-03 2.008364636711759167e-03
1.601561895597847229e+00 4.040160086715074029e-04 1.176224976905140135e-03 2.047140782018646264e-03
1.641128151918423095e+00 4.080360000294351347e-04 1.187455542823927972e-03 2.098320059799206258e-03
1.681671884441154230e+00 4.104052728448306844e-04 1.193386932932812223e-03 2.105113796601486200e-03
1.723217241514019449e+00 4.131163209474646701e-04 1.206184160088952847e-03 2.155487151860219913e-03
1.765788968064948783e+00 4.151389459481909889e-04 1.211352409051002013e-03 2.167441892169343597e-03
1.809412420340218208e+00 4.174806140004569443e-04 1.215151193686570506e-03 2.163972018937452852e-03
1.854113581006937572e+00 4.188057478448098002e-04 1.225160133031823933e-03 2.167832398667291632e-03
1.899919074628647842e+00 4.217965464040388207e-04 1.241417794865059274e-03 2.192149876327733910e-03
1.946856183523241635e+00 4.229253258293527501e-04 1.248426236890422389e-03 2.239340296131161947e-03
1.994952864012648819e+00 4.269258564155608464e-04 1.254323005030495448e-03 2.247345671722194346e-03
2.044237763073965652e+00 4.319259801556646892e-04 1.262359999699573347e-03 2.258120909934086592e-03
2.094740235401950645e+00 4.352602060015106395e-04 1.271040884614082697e-03 2.261332799068057394e-03
2.146490360893040794e+00 4.380713758828743603e-04 1.277354514947954362e-03 2.299950424673840189e-03
2.199518962561312296e+00 4.421808767903982317e-04 1.288735777094782457e-03 2.287526723944758970e-03
2.253857624897045220e+00 4.461377865239523461e-04 1.298322757020329643e-03 2.327373281525349242e-03
2.309538712678839811e+00 4.491043044353831273e-04 1.305023934980494059e-03 2.339461612114584425e-03
2.366595390250475273e+00 4.534383035988625936e-04 1.312312572029141877e-03 2.348591195833655849e-03
2.425061641274004920e+00 4.559279669653788758e-04 1.317837375202727049e-03 2.361716585085320719e-03
2.484972288970843657e+00 4.594795226784191512e-04 1.323405614030560276e-03 2.371886299130310065e-03
2.546363016862909667e+00 4.620558722753766103e-04 1.331763336357554787e-03 2.374304246731488797e-03
2.609270390026170006e+00 4.650534014604019713e-04 1.340363548322161995e-03 2.376842445237935166e-03
2.673731876869256396e+00 4.679215263850314234e-04 1.337711488570370467e-03 2.400990434340737403e-03
2.739785871450098664e+00 4.689676579193180765e-04 1.335800373540792533e-03 2.409057689798662673e-03
2.807471716343918011e+00 4.722099130459352632e-04 1.343435838615264499e-03 2.421207490877034206e-03
2.876829726076139515e+00 4.716309864032144352e-04 1.347908809889502343e-03 2.421431189499500657e-03
2.947901211134224209e+00 4.745561474514504107e-04 1.351296926524606480e-03 2.418881007190622993e-03
3.020728502572707086e+00 4.748395686368740362e-04 1.355489257855799299e-03 2.407693142844983484e-03
3.095354977226092430e+00 4.742646918421966618e-04 1.358215441214332721e-03 2.399136016625393400e-03
3.171825083544637547e+00 4.754249034702978226e-04 1.350950967695275975e-03 2.410747680152241362e-03
3.250184368068394836e+00 4.756970247545755826e-04 1.349732189193706897e-03 2.396924118440253628e-03
3.330479502555294236e+00 4.777775072846298602e-04 1.349345853924274015e-03 2.389759597374646691e-03
3.412758311779421572e+00 4.782919539132789795e-04 1.351787757471878751e-03 2.396402741302058534e-03
3.497069802016041784e+00 4.807835001366266470e-04 1.357537731544392360e-03 2.402300412231855430e-03
3.583464190230342794e+00 4.830391181580279527e-04 1.364262547424740938e-03 2.419263131830744727e-03
3.671992933987281216e+00 4.843715924905260301e-04 1.368602818273469829e-03 2.429753887645874112e-03
3.762708762100343662e+00 4.865795278248968587e-04 1.376940215388448938e-03 2.468921833083861667e-03
3.855665706037477491e+00 4.884929832777470775e-04 1.378357827001309424e-03 2.481753904347587872e-03
3.950919132102903575e+00 4.889744174139224213e-04 1.390347190293014746e-03 2.498314106052193680e-03
4.048525774413969103e+00 4.928699081475101549e-04 1.399810922977516928e-03 2.514675647861662824e-03
4.148543768692692701e+00 4.963324686465986780e-04 1.396113082996961992e-03 2.536871719874613049e-03
4.251032686892105339e+00 4.987679558986229554e-04 1.409403227642008370e-03 2.550730998264121724e-03
4.356053572678060704e+00 4.984061074383548283e-04 1.405568647570676170e-03 2.547119760244982451e-03
4.463668977787585312e+00 4.997595833909733443e-04 1.407278911816192300e-03 2.558615994350830602e-03
4.573942999285467437e+00 5.009627435398712530e-04 1.421523565117343603e-03 2.579815293292703551e-03
4.686941317741262658e+00 5.027758221715974149e-04 1.419592177982183148e-03 2.564445053830133759e-03
4.802731236349449873e+00 5.049597607498544161e-04 1.427683952577080487e-03 2.553709942829498862e-03
4.921381721016047095e+00 5.051800340809188983e-04 1.429261152639371224e-03 2.570013146074502219e-03
5.042963441435556859e+00 5.029129773706486053e-04 1.439522778079066825e-03 2.546450397985958007e-03
5.167548813182710532e+00 5.012254970432327436e-04 1.438234231338667880e-03 2.536172988659435735e-03
5.295212040844075041e+00 4.999606709827417303e-04 1.438208765468650336e-03 2.542357926434115917e-03
5.426029162215227686e+00 4.974141596634067955e-04 1.436185412247773874e-03 2.547411830643009530e-03
5.560078093589800652e+00 4.929456709496294643e-04 1.430569737231405071e-03 2.541860928739026609e-03
5.697438676167393190e+00 4.948148243031908053e-04 1.422497385806757849e-03 2.534294041735652564e-03
5.838192723607971146e+00 4.899911934759563440e-04 1.415551942376822763e-03 2.527958519018170744e-03
5.982424070761099166e+00 4.857810924270978387e-04 1.410656582309474227e-03 2.515243772449437653e-03
6.130218623599007266e+00 4.838937661562981232e-04 1.396953343496337100e-03 2.481544648634034528e-03
6.281664410383254626e+00 4.820861395704749202e-04 1.399253511812743054e-03 2.475887449535006841e-03
6.436851634095445363e+00 4.802658910240733821e-04 1.390506553098362153e-03 2.477740583515180596e-03
6.595872726163246824e+00 4.788834390514314305e-04 1.388005898612742692e-03 2.505387040114720118e-03
6.758822401513666200e+00 4.810315124380346963e-04 1.377782957709487374e-03 2.509984555909420753e-03
6.925797714986464904e+00 4.806812625059968670e-04 1.373689351354657594e-03 2.512996151339023324e-03
7.096898119141198613e+00 4.786063906725695626e-04 1.374623924810475760e-03 2.520881519847346149e-03
7.272225523492395816e+00 4.778752150257869450e-04 1.374796293279954102e-03 2.463916494961375728e-03
7.451884355208123090e+00 4.796889430298464647e-04 1.371901495591873552e-03 2.460797244977471279e-03
7.635981621308095768e+00 4.784401211904504769e-04 1.364856362197307531e-03 2.444107507236427390e-03
7.824626972398384339e+00 4.788488626675705502e-04 1.360558970879850033e-03 2.465476471863242789e-03
8.017932767980664011e+00 4.765811448972076319e-04 1.366785308041151966e-03 2.482607273519719850e-03
8.216014143374929191e+00 4.771675678176500162e-04 1.368544964980498903e-03 2.472388346994829414e-03
8.418989078295506800e+00 4.734331380427815161e-04 1.372987745753364869e-03 2.463203852731203104e-03
8.626978467121233507e+00 4.738667928731548598e-04 1.360918611986650833e-03 2.455816513177353031e-03
8.840106190901643402e+00 4.716466170717093669e-04 1.356411670228241904e-03 2.436245558155318049e-03
9.058499191142049156e+00 4.687739813861801315e-04 1.350378394022638687e-03 2.409517012255591849e-03
9.282287545411469054e+00 4.689386120664935866e-04 1.342542883804473137e-03 2.402442813005716427e-03
9.511604544818441198e+00 4.681085069588170056e-04 1.351493026717208359e-03 2.396283433926221264e-03
9.746586773400844450e+00 4.670100196519073421e-04 1.348322315122276903e-03 2.407387038890203539e-03
9.987374189477048247e+00 4.649921633102270047e-04 1.349624356836029481e-03 2.453896449889955266e-03
1.023411020900682011e+01 4.647019603280204284e-04 1.354064168889791133e-03 2.443443587240640234e-03
1.048694179101160628e+01 4.658062256369814623e-04 1.352151033416997689e-03 2.405251248530486299e-03
1.074601952510519531e+01 4.653437198856767384e-04 1.349355403761306072e-03 2.437670518998050120e-03
1.101149772118672132e+01 4.636501309928860474e-04 1.347571043863290486e-03 2.433312800393053026e-03
1.128353450134954805e+01 4.619748446511297247e-04 1.342600041809065108e-03 2.459399330379233219e-03
1.156229189406074553e+01 4.614412722569970465e-04 1.347657947401698260e-03 2.464583205688685493e-03
1.184793593066724249e+01 4.609999735672035484e-04 1.346660951344311663e-03 2.477628592503716611e-03
1.214063674428615869e+01 4.647629247906709285e-04 1.342103545685129117e-03 2.475260905380046936e-03
1.244056867113817333e+01 4.641720870626951071e-04 1.342050036630224258e-03 2.449854905127103917e-03
1.274791035438435038e+01 4.645564699617818136e-04 1.339968544925763125e-03 2.470132220385308410e-03
1.306284485052819733e+01 4.659369893619692686e-04 1.339588797105986532e-03 2.469483119105588421e-03
1.338555973844639446e+01 4.690438414960544666e-04 1.337399322535969253e-03 2.464463109361068882e-03
1.371624723111307631e+01 4.686480165173360587e-04 1.345823840768027579e-03 2.460283169255105765e-03
1.405510429008426598e+01 4.676521552289803732e-04 1.357586286741362461e-03 2.475559776294222920e-03
1.440233274281060361e+01 4.651511438827546341e-04 1.356396645202210399e-03 2.472978556484230032e-03
1.475813940284827197e+01 4.654566764397104488e-04 1.360475474766252883e-03 2.482322612897632733e-03
1.512273619303970840e+01 4.649758177987564070e-04 1.368882643058884872e-03 2.499004404410088732e-03
1.549634027173745920e+01 4.641047785023890869e-04 1.367159698144865005e-03 2.517976926930851848e-03
1.587917416214640731e+01 4.617376276968096103e-04 1.368734660990706103e-03 2.513108147551711309e-03
1.627146588486126433e+01 4.621167201456033522e-04 1.362548519603620214e-03 2.529952780913017219e-03
1.667344909367855621e+01 4.632120031389866930e-04 1.369841429127677517e-03 2.563530685583128091e-03
1.708536321476364961e+01 4.643090032283706307e-04 1.375911597847595709e-03 2.564854827269904582e-03
1.750745358925593820e+01 4.613135488093007179e-04 1.379074644331575823e-03 2.560312250518367253e-03
1.793997161939707397e+01 4.600814911094097464e-04 1.389927841102236257e-03 2.573322198297426505e-03
1.838317491826924055e+01 4.635098122453108023e-04 1.390199008611383040e-03 2.613619348010862067e-03
1.883732746323267193e+01 4.636977096401810388e-04 1.391501636459168204e-03 2.616960155680207213e-03
1.930269975315385977e+01 4.627045053347448949e-04 1.405692696032687702e-03 2.601324748313321375e-03
1.977956896951799592e+01 4.620804513552505049e-04 1.404741549755634828e-03 2.610295261303168229e-03
2.026821914152169413e+01 4.656534807442207539e-04 1.400551076737159692e-03 2.615746229166713774e-03
2.076894131524429810e+01 4.707826050814368254e-04 1.401116660785381050e-03 2.619654300393250979e-03
2.128203372699851670e+01 4.727354607802439906e-04 1.402881133482094655e-03 2.636430620019897773e-03
2.180780198096364586e+01 4.719398034212607764e-04 1.402921200577206002e-03 2.649089510347348887e-03
2.234655923120721255e+01 4.711191527401392080e-04 1.409019739573525755e-03 2.675767268164749423e-03
2.289862636820339148e+01 4.728742169214611804e-04 1.416937580608824097e-03 2.668191945423665449e-03
2.346433220995934121e+01 4.758097666993882737e-04 1.430816783359608636e-03 2.682749989310805050e-03
2.404401369786327081e+01 4.786431987591700972e-04 1.434113956396814707e-03 2.703234604795630783e-03
2.463801609737091880e+01 4.774222439367543924e-04 1.438654317144417863e-03 2.682254305518592865e-03
2.524669320364981928e+01 4.789407743706919915e-04 1.440049101142829458e-03 2.699797790220835689e-03
2.587040755230423983e+01 4.870918023009603568e-04 1.448520680638083888e-03 2.714172508470596729e-03
2.650953063530574738e+01 4.917403891569466353e-04 1.462159587050791210e-03 2.732096598058675763e-03
2.716444312225844726e+01 4.936832563782587611e-04 1.469109997705361596e-03 2.798320758992983021e-03
2.783553508713050917e+01 4.959366693899842958e-04 1.495555388225438317e-03 2.829761013369922005e-03
2.852320624058703302e+01 5.025359029729623787e-04 1.517087306941419626e-03 2.864184232968324407e-03
2.922786616806266835e+01 5.093611017359474160e-04 1.533185844288724280e-03 2.894887677935017653e-03
2.994993457371574408e+01 5.163983705419447276e-04 1.537112616394559943e-03 2.900118345108670514e-03
3.068984153040926799e+01 5.229554524437500778e-04 1.548930576696937395e-03 2.933447053687515422e-03
3.144802773586762967e+01 5.281831241858575554e-04 1.575408952982965257e-03 2.950249545818497878e-03
3.222494477516159606e+01 5.349244405750447524e-04 1.602176404892657457e-03 3.011739059537888331e-03
3.302105538967799703e+01 5.445885932296623717e-04 1.621687573460720228e-03 3.075835688709738398e-03
3.383683375273415805e+01 5.578584786762834499e-04 1.658088506018342298e-03 3.131502928165811987e-03
3.467276575200143185e+01 5.808447528378729444e-04 1.716479188834000658e-03 3.224238757762831146e-03
3.552934927890587602e+01 6.134504209231486345e-04 1.754938915690000328e-03 3.304185154131366372e-03
3.640709452517855027e+01 6.403806667572115811e-04 1.810793476990314645e-03 3.388396403314871200e-03
3.730652428673199239e+01 6.622951432278212326e-04 1.858094057927551449e-03 3.437601109471575666e-03
3.822817427504394772e+01 6.716594782034675075e-04 1.889008218479366289e-03 3.552549817568475057e-03
3.917259343623376822e+01 6.737070774034091547e-04 1.933963405282775353e-03 3.703084641170308403e-03
4.014034427802135241e+01 6.707656855745524564e-04 1.983751084835889359e-03 3.850356482604244852e-03
4.113200320476391880e+01 6.644299540676019576e-04 2.013921174965371732e-03 3.983473911497747467e-03
4.214816086076942270e+01 6.784214091589938107e-04 2.063870666163359485e-03 4.120230378886978115e-03
4.318942248209162216e+01 7.213713212507722426e-04 2.147739748614079652e-03 4.231435225296891790e-03
4.425640825701616166e+01 8.040151313950649054e-04 2.240076711290526178e-03 4.429128449860034698e-03
4.534975369545237101e+01 9.123537511021951674e-04 2.400608226060273187e-03 4.639913530267413162e-03
4.647011000745082043e+01 1.017521964533831457e-03 2.595845462156189457e-03 5.011511577285347740e-03
4.761814449107207992e+01 1.102842886497522670e-03 2.778136476066207349e-03 5.299588988786858856e-03
4.879454092983766600e+01 1.135942428794478902e-03 2.897783155951504878e-03 5.635631562060506097e-03
4.999999999999999289e+01 1.095512157256115339e-03 2.941895312354644246e-03 5.975447619193518557e-03
