1.000000000000000021e-02 1.191083900763779355e-04 3.191325866273635680e-04 5.884939796553318369e-04
1.024704793757475266e-02 1.166930662525262404e-04 3.129080355736341872e-04 5.768318161066613966e-04
1.050019914349549846e-02 1.144570716804002954e-04 3.066359245133082833e-04 5.660882254799317823e-04
1.075960439774797245e-02 1.120923312802269073e-04 3.005430062991947936e-04 5.558382234809327747e-04
1.102541820530636082e-02 1.100204763742076118e-04 2.943758097064754116e-04 5.469165768953527162e-04
1.129779888815837276e-02 1.077373067878709882e-04 2.890865735645805181e-04 5.378290425057560527e-04
1.157690867960375902e-02 1.059077225441856708e-04 2.837321872127290703e-04 5.285658606866008120e-04
1.186291382088249489e-02 1.038012439360855960e-04 2.781871694620146229e-04 5.197448400042495786e-04
1.215598466019009866e-02 1.017934491370061300e-04 2.726590751947722494e-04 5.093048993782366271e-04
1.245629575413912879e-02 9.979802148848137286e-05 2.671710913682343426e-04 4.993813367198148131e-04
1.276402597172724904e-02 9.750353269890320881e-05 2.621510875240281365e-04 4.925008453769940927e-04
1.307935860087382912e-02 9.554665236524340533e-05 2.575868981863124046e-04 4.842288075738090535e-04
1.340248145758847660e-02 9.383346088045193352e-05 2.535548268556945552e-04 4.744049772358198197e-04
1.373358699783658668e-02 9.218612761847432902e-05 2.486735835574852482e-04 4.648178081082296031e-04
1.407287243216849039e-02 9.048178069855573240e-05 2.441287347983914354e-04 4.566580964831882237e-04
1.442053984318047120e-02 8.888478846221652162e-05 2.396878491263072558e-04 4.483984063489545647e-04
1.477679630587769993e-02 8.757301923947986529e-05 2.351791655025562051e-04 4.374230979532491253e-04
1.514185401101062964e-02 8.602115693274838058e-05 2.307825951531737737e-04 4.294935659696462330e-04
1.551593039145844621e-02 8.464534429387474157e-05 2.270796696069176421e-04 4.218694576511023537e-04
1.589924825173476969e-02 8.325444406495242510e-05 2.233154461734088462e-04 4.142634134753637575e-04
1.629203590069277716e-02 8.193178674594843057e-05 2.198421191444048864e-04 4.065947570714414840e-04
1.669452728750877440e-02 8.065996912235689630e-05 2.157215083217109669e-04 3.989014049623117392e-04
1.710696214102521914e-02 7.955975577987306729e-05 2.122238047128974638e-04 3.915511112934289733e-04
1.752958611253618501e-02 7.841298028900465481e-05 2.089044202205681314e-04 3.852957468867422488e-04
1.796265092210029557e-02 7.723155936912532576e-05 2.054276144658875923e-04 3.782963697630817778e-04
1.840641450846831201e-02 7.630024003713210953e-05 2.019792474999901734e-04 3.708727487774232125e-04
1.886114118271462262e-02 7.510130329873790237e-05 1.986472231181716543e-04 3.659881314912840950e-04
1.932710178566421008e-02 7.416798374410064855e-05 1.962232969774734101e-04 3.595629095396904278e-04
1.980457384920877514e-02 7.317316682865802403e-05 1.930882778629422144e-04 3.535905350340248234e-04
2.029384176160816539e-02 7.229816119259822795e-05 1.897804150635365894e-04 3.484892456920716717e-04
2.079519693687553392e-02 7.155688819942457627e-05 1.878420132645569011e-04 3.416166488093369210e-04
2.130893798834713679e-02 7.066191966243959288e-05 1.857228026828853910e-04 3.354479148200208453e-04
2.183537090654008236e-02 6.997837189881230989e-05 1.832720770539384553e-04 3.317568229863402632e-04
2.237480924140412830e-02 6.924133354035039200e-05 1.810782229836884155e-04 3.258794778674405524e-04
2.292757428907587006e-02 6.859732932407755068e-05 1.784343924707136901e-04 3.192582211951944834e-04
2.349399528324667974e-02 6.811238639027413400e-05 1.761277790340814282e-04 3.120490584095948761e-04
2.407440959125838748e-02 6.735387710603206826e-05 1.741628799872592262e-04 3.059871367802602642e-04
2.466916291504341052e-02 6.667241905519602193e-05 1.723654394210647552e-04 3.021565070165489557e-04
2.527860949702911281e-02 6.606691723610536113e-05 1.698720058611166348e-04 2.969677327687764612e-04
2.590311233112897391e-02 6.533494588512237899e-05 1.683002200365678758e-04 2.928280825570263963e-04
2.654304337894622737e-02 6.478984733210817063e-05 1.670510365368861301e-04 2.886261893971862999e-04
2.719878379131881324e-02 6.416325998971292039e-05 1.647945960236748403e-04 2.861248704116911416e-04
2.787072413533750459e-02 6.350813218082362139e-05 1.628947553873178172e-04 2.808096691827755183e-04
2.855926462697251991e-02 6.309774876373697606e-05 1.609001779337927891e-04 2.773687344478703099e-04
2.926481536944703504e-02 6.272586924154447275e-05 1.594941172833534541e-04 2.745424372308600939e-04
2.998779659749981411e-02 6.233593206291852362e-05 1.580404003086456589e-04 2.668687346197427162e-04
3.072863892768216629e-02 6.188965945530824854e-05 1.573813529216001232e-04 2.662843606553727950e-04
3.148778361483847710e-02 6.129080419119013929e-05 1.567222784037844365e-04 2.656186096584316116e-04
3.226568281492307039e-02 6.091654093923627966e-05 1.549360934912081514e-04 2.616969380442224404e-04
3.306279985430987667e-02 6.047377794348418308e-05 1.543763820335116105e-04 2.584343557041895588e-04
3.387960950575528291e-02 6.006957435190242700e-05 1.531824157642539149e-04 2.584158965080766632e-04
3.471659827117876823e-02 5.959789085629094965e-05 1.525901262618969891e-04 2.574475212129004255e-04
3.557426467142935783e-02 5.934684005243458710e-05 1.516064012967830333e-04 2.573182468719254412e-04
3.645311954321085735e-02 5.896836697566052772e-05 1.503119285972518045e-04 2.562891773373349061e-04
3.735368634334246957e-02 5.845356688881477101e-05 1.498782108920654658e-04 2.574235871158337655e-04
3.827650146053616920e-02 5.807853220148610280e-05 1.484986312703896944e-04 2.562840440248705695e-04
3.922211453487641636e-02 5.778906623634309607e-05 1.475050915749897835e-04 2.570852077918114767e-04
4.019108878519260519e-02 5.745503160745598286e-05 1.465138726305862239e-04 2.548922837442556830e-04
4.118400134451916800e-02 5.724676563161074382e-05 1.456342877545502583e-04 2.549700526091063413e-04
4.220144360384309873e-02 5.720279455333773469e-05 1.456879312769141486e-04 2.541604483266670972e-04
4.324402156434375977e-02 5.708981521575345864e-05 1.457495278507514743e-04 2.570350094538124833e-04
4.431235619833468614e-02 5.702080891501605877e-05 1.468863346668141615e-04 2.571446620736265575e-04
4.540708381912234720e-02 5.698718807910556838e-05 1.473971541274448141e-04 2.588277372039121129e-04
4.652885646000215480e-02 5.682584187673656934e-05 1.489513229707256344e-04 2.615722468647220869e-04
4.767834226261768310e-02 5.685716735973186177e-05 1.501181690313510380e-04 2.652630190967292549e-04
4.885622587491396385e-02 5.703810684553573354e-05 1.525536916137587367e-04 2.704231873620150588e-04
5.006320885892234090e-02 5.755931283861476363e-05 1.535879009727108039e-04 2.742014812055366393e-04
5.130001010861944682e-02 5.812458190104160822e-05 1.566115912869623403e-04 2.786233891161273729e-04
5.256736627810928986e-02 5.854528261830868873e-05 1.587009596598232958e-04 2.857855244581369012e-04
5.386603222038363614e-02 5.934367882761697904e-05 1.607914760917008928e-04 2.918477821939200671e-04
5.519678143692172828e-02 6.018191211703970589e-05 1.628631585549847501e-04 2.978508041669813804e-04
5.656040653839732035e-02 6.148134963103495587e-05 1.652596147148449558e-04 3.051057350586034627e-04
5.795771971676737938e-02 6.261348166748263765e-05 1.678188701270363122e-04 3.081496939731294166e-04
5.938955322902367273e-02 6.356684947809429281e-05 1.703982144261452871e-04 3.076473283848837697e-04
6.085675989289530269e-02 6.456199444844264049e-05 1.714644342631466254e-04 3.095444504405928414e-04
6.236021359479747284e-02 6.510274922281780708e-05 1.730751511900644748e-04 3.097817596954350531e-04
6.390080981032904284e-02 6.574741195687656286e-05 1.725683505043808957e-04 3.048959847839869557e-04
6.547946613762888057e-02 6.622250111461860890e-05 1.726060270148732829e-04 3.018331987088254849e-04
6.709712284390857706e-02 6.615083335023320293e-05 1.714748135934662169e-04 2.973747991004440619e-04
6.875474342548731910e-02 6.608444617633330595e-05 1.708471737939919871e-04 2.932068593732084570e-04
7.045331518166214613e-02 6.561568805495251924e-05 1.709012543529988908e-04 2.961731338060910428e-04
7.219384980275551922e-02 6.586864874491098188e-05 1.706703649088145002e-04 2.967185438580061162e-04
7.397738397269074118e-02 6.526705417171559933e-05 1.719171154009658566e-04 3.028671340184418102e-04
7.580497998645360780e-02 6.480354899266699644e-05 1.745277124138665107e-04 3.166280587683565598e-04
7.767772638280848185e-02 6.424701374302877919e-05 1.787797147705152674e-04 3.375552245464396727e-04
7.959673859264540519e-02 6.488138986234470945e-05 1.852118950843397761e-04 3.596090072234978878e-04
8.156315960334438453e-02 6.594988658961394110e-05 1.910875090159674190e-04 3.834762878772809860e-04
8.357816063955303409e-02 6.715458694811114130e-05 1.995797008264433680e-04 4.062708324809814731e-04
8.564294186078233451e-02 6.897485232419656620e-05 2.094022093375902025e-04 4.197747845842611492e-04
8.775873307623639763e-02 7.116929514920760085e-05 2.163091400279695852e-04 4.320000945917620329e-04
8.992679447730214659e-02 7.329185131179066087e-05 2.204947274160069933e-04 4.442313528676615324e-04
9.214841738813475680e-02 7.445553271387406191e-05 2.211880904831481658e-04 4.413241187250393398e-04
9.442492503478637500e-02 7.517452086288088425e-05 2.237796783487858209e-04 4.226382476279540862e-04
9.675767333333583353e-02 7.529074941249894128e-05 2.220269177637306857e-04 4.086352074700489194e-04
9.914805169748905356e-02 7.554727704378864006e-05 2.229923477139199490e-04 4.057728150374347227e-04
1.015974838661310165e-01 7.556885305964484707e-05 2.260202192966796460e-04 4.260471449312599546e-04
1.041074287513222008e-01 7.578461974581387692e-05 2.359217865726665039e-04 4.681621968812025246e-04
1.066793813072447195e-01 7.593520663752525740e-05 2.486021420736733581e-04 5.288435499580936916e-04
1.093148734206152578e-01 7.743904628352742743e-05 2.644015170834012620e-04 5.558189094982014930e-04
1.120154748230960673e-01 8.152168809198402026e-05 2.807945010644598977e-04 5.950011091160658508e-04
1.147827940262463181e-01 8.546638618768917950e-05 2.912136811353439468e-04 6.163930639981401397e-04
1.176184792795714890e-01 8.967338084730773116e-05 2.988814430065004886e-04 6.189164853815800433e-04
1.205242195522411852e-01 9.373896952541703768e-05 3.020055961931487703e-04 5.917427314556784976e-04
1.235017455390599594e-01 9.628788514341027663e-05 2.997510343155630427e-04 5.730433171862258203e-04
1.265528306912906409e-01 9.719668663193086052e-05 2.939282792633027990e-04 5.553639037573421993e-04
1.296792922729436415e-01 9.793595568232622080e-05 2.932283240033606319e-04 5.673284887198262998e-04
1.328829924431621512e-01 9.755245309952873922e-05 2.954450369006529718e-04 5.954934096006050601e-04
1.361658393653465970e-01 9.772829290954864986e-05 3.071998982258609024e-04 6.393173247122668724e-04
1.395297883436809883e-01 9.919937112253095093e-05 3.223011196786414981e-04 6.999596858133220372e-04
1.429768429877358027e-01 1.015312099976722063e-04 3.446512311178596770e-04 7.529107095270981802e-04
1.465090564058427469e-01 1.049083980610861200e-04 3.581298813770855726e-04 7.984254487967388809e-04
1.501285324279514055e-01 1.079695919286851810e-04 3.606359607105476739e-04 7.969313104772016371e-04
1.538374268586963634e-01 1.101311261622294331e-04 3.687576541242647298e-04 7.859329363069006468e-04
1.576379487614211483e-01 1.115105909252146662e-04 3.734106923828422672e-04 7.678322869464701420e-04
1.615323617739234940e-01 1.122930715903691076e-04 3.840529485575463271e-04 7.720740384093606338e-04
1.655229854567062397e-01 1.130367194704726803e-04 3.902447812888553747e-04 8.041674260865751484e-04
1.696121966745357534e-01 1.144991623088385861e-04 4.003777016674653333e-04 8.474198223278246213e-04
1.738024310121324689e-01 1.162316249200151958e-04 4.021647761217554532e-04 8.883435921586387354e-04
1.780961842248350302e-01 1.194926755678975901e-04 4.094765546815663923e-04 8.725502842864749347e-04
1.824960137251029069e-01 1.217687190671854782e-04 4.180037087725594312e-04 8.618478040512905043e-04
1.870045401057429391e-01 1.239017720434672069e-04 4.191037362772460830e-04 8.753481803359154396e-04
1.916244487007668085e-01 1.241906068506525625e-04 4.190977357339769997e-04 8.875532085134111996e-04
1.963584911848091641e-01 1.262745215279752968e-04 4.228135786511057832e-04 8.577517174081697839e-04
2.012094872120588906e-01 1.259099581319870294e-04 4.219231094497692810e-04 8.982119015560006406e-04
2.061803260956802664e-01 1.276029945761275532e-04 4.167239176717200001e-04 9.195310826023619238e-04
2.112739685287230440e-01 1.289518757905253120e-04 4.189767780750875900e-04 8.895619003725599048e-04
2.164934483475484395e-01 1.294392918021592775e-04 4.404404889696868480e-04 9.551776192208066623e-04
2.218418743388192449e-01 1.296141086347136204e-04 4.571301117866471411e-04 9.613449070904051116e-04
2.273224320911315099e-01 1.298930237101613685e-04 4.584057405397595048e-04 9.146682182283675513e-04
2.329383858923906037e-01 1.292678429989753885e-04 4.459751612459214392e-04 9.412534105328509548e-04
2.386930806740612809e-01 1.302224536787399353e-04 4.388210683387923534e-04 9.087100771210512634e-04
2.445899440034503824e-01 1.316490714865332316e-04 4.362315244879333680e-04 9.151173473345081740e-04
2.506324881252080528e-01 1.325159243692773442e-04 4.331675937800593909e-04 9.455919502504941433e-04
2.568243120532642809e-01 1.348076402630084627e-04 4.375722403533758242e-04 9.256711370354062237e-04
2.631691037144456291e-01 1.353566723478215653e-04 4.306945067164780964e-04 8.762333405835119387e-04
2.696706421450506541e-01 1.349797093402080414e-04 4.267159579813819214e-04 8.398199969081691918e-04
2.763327997416900050e-01 1.350605746393986441e-04 4.289572832304139956e-04 8.546261938410268204e-04
2.831595445677341782e-01 1.361889046603936664e-04 4.296395463142970751e-04 8.833072024651976613e-04
2.901549427167406936e-01 1.358530343841210812e-04 4.453272655144228671e-04 8.907710042711368837e-04
2.973231607342697869e-01 1.362731066161836156e-04 4.372585593382009124e-04 8.604175038967339486e-04
3.046684680995305761e-01 1.367502043681290179e-04 4.274550137100766728e-04 8.425945631061449413e-04
3.121952397683354086e-01 1.359829506643164332e-04 4.167362310927612084e-04 8.206558144757457405e-04
3.199079587788778434e-01 1.370260393538122001e-04 4.140161863145319599e-04 8.086238421844905077e-04
3.278112189218849171e-01 1.370746150183145377e-04 4.133177823525565047e-04 7.900359400183236186e-04
3.359097274767366414e-01 1.390229045867290476e-04 4.131483165332974121e-04 7.808362460532948480e-04
3.442083080151791541e-01 1.385127483330395287e-04 4.208004093465702949e-04 7.935123671925778995e-04
3.527119032743036287e-01 1.394767391062771620e-04 4.263396039105505535e-04 7.837827334989326111e-04
3.614255781005018542e-01 1.420125881781864215e-04 4.244786227886552252e-04 7.786994188188412543e-04
3.703545224661510260e-01 1.425313200728155227e-04 4.175668746377046215e-04 7.655457324981868516e-04
3.795040545608255322e-01 1.418931093239863650e-04 4.125388427375837100e-04 7.698463591255653602e-04
3.888796239588763748e-01 1.427578857824047295e-04 4.111884836989799521e-04 7.341715557247591130e-04
3.984868148652651043e-01 1.425087713022135162e-04 4.186724215790463906e-04 7.253068177047565512e-04
4.083313494415847233e-01 1.437106580140339312e-04 4.227883269145134228e-04 7.489358848735678089e-04
4.184190912142506380e-01 1.456488425892805592e-04 4.255603516411327818e-04 7.677826897917754048e-04
4.287560485668889254e-01 1.472955475138258404e-04 4.241721542164640928e-04 7.636355509105236103e-04
4.393483783190039182e-01 1.477202074087786575e-04 4.272859135982158638e-04 7.687513721669508209e-04
4.502023893930561238e-01 1.484366070416847684e-04 4.293877317161736958e-04 7.660963847996917495e-04
4.613245465721341199e-01 1.497248265639316439e-04 4.346697579155614694e-04 7.568385050395673701e-04
4.727214743504594696e-01 1.507997536688954849e-04 4.374155003655207986e-04 7.736389741626978778e-04
4.843999608790172107e-01 1.516167164941777427e-04 4.457656942317285670e-04 7.951137244031877870e-04
4.963669620086626488e-01 1.523133385004275613e-04 4.492115967860829326e-04 8.047573939578082361e-04
5.086296054331111982e-01 1.545376432681108713e-04 4.562465142086277129e-04 8.132776967779666499e-04
5.211951949342822354e-01 1.560909228595457857e-04 4.597098135519195024e-04 8.149640975999999665e-04
5.340712147325208381e-01 1.568983498193236696e-04 4.634844862362644778e-04 8.229458880082295060e-04
5.472653339442919984e-01 1.585578778797375524e-04 4.699135949933437367e-04 8.400714412817080748e-04
5.607854111500015781e-01 1.603782758660726628e-04 4.793008917516732048e-04 8.515966481793432437e-04
5.746394990746632736e-01 1.615172815783018996e-04 4.895094838329352559e-04 8.703459496745623129e-04
5.888358493842017483e-01 1.628807816843566060e-04 4.949585956513662165e-04 8.804224621460044701e-04
6.033829176002462047e-01 1.637147894220711676e-04 4.985638769359580303e-04 8.906728736484721557e-04
6.182893681363439420e-01 1.655569499936676873e-04 5.027666246318423203e-04 9.004800819015566608e-04
6.335640794585923885e-01 1.673873496886625362e-04 5.069784785254606270e-04 9.131963073258908808e-04
6.492161493737614864e-01 1.694545902596004819e-04 5.104136578780826654e-04 9.201721089707663552e-04
6.652549004480625694e-01 1.712758991179680150e-04 5.163049965465338603e-04 9.300618963108661695e-04
6.816898855597816054e-01 1.729536490620220608e-04 5.201015065824335804e-04 9.372096529865339221e-04
6.985308935890929272e-01 1.736348512817123156e-04 5.246644915613948770e-04 9.364396358207934326e-04
7.157879552484364138e-01 1.747255251257531620e-04 5.323725529768325417e-04 9.459487335120751392e-04
7.334713490569338967e-01 1.763848950406566045e-04 5.369365108247092571e-04 9.445274522997805467e-04
7.515916074624026111e-01 1.777971941539878821e-04 5.435853405233352989e-04 9.491549735917465154e-04
7.701595231146105558e-01 1.794868781146889767e-04 5.458000950046778838e-04 9.550079426829194765e-04
7.891861552935128810e-01 1.802641372969450201e-04 5.486921542523971350e-04 9.608959935173502255e-04
8.086828364962939109e-01 1.824271041847712229e-04 5.528077128446944001e-04 9.653204535223883524e-04
8.286611791871449917e-01 1.844168045858410310e-04 5.533718462241773040e-04 9.729297961839062205e-04
8.491330827137896220e-01 1.861637679371037316e-04 5.531350813728617456e-04 9.781030064385173861e-04
8.701107403948828978e-01 1.881325826494755220e-04 5.579629037481307566e-04 9.901727847406672969e-04
8.916066467825025654e-01 1.905995156339848466e-04 5.586992444541181470e-04 1.000236638399919567e-03
9.136336051040584438e-01 1.922298928463110504e-04 5.621341368824867317e-04 1.004219430792529892e-03
9.362047348880527808e-01 1.943644594349555859e-04 5.674514666479292405e-04 1.022133995917472128e-03
9.593334797782339107e-01 1.967651982926646274e-04 5.751910796309310427e-04 1.032288777192531381e-03
9.830336155407967125e-01 1.991487756678043855e-04 5.788494561014676703e-04 1.042962049664157044e-03
1.007319258269396833e+00 2.012840147244962052e-04 5.870447378522535790e-04 1.052497030033942458e-03
1.032204872792875205e+00 2.039203881108342549e-04 5.934011655800515341e-04 1.058381143361556082e-03
1.057705281290684196e+00 2.069026663172997759e-04 6.039233821576839951e-04 1.067203133879201203e-03
1.083835672121162830e+00 2.095550962314179845e-04 6.108879871891194661e-04 1.093847622789538695e-03
1.110611608867911881e+00 2.116281543034654862e-04 6.175710790545499342e-04 1.116985232436553755e-03
1.138049039609651425e+00 2.141134411624971462e-04 6.235030899358382601e-04 1.131373522217749483e-03
1.166164306419100516e+00 2.170890289488093408e-04 6.317843091020998534e-04 1.153677621741014663e-03
1.194974155096513613e+00 2.187947322078082936e-04 6.401764321394079211e-04 1.158488993164353111e-03
1.224495745143686198e+00 2.210841205559593663e-04 6.495630704327981855e-04 1.177687031093866809e-03
1.254746659984366852e+00 2.232213226288053273e-04 6.532928409276461809e-04 1.194306370914796070e-03
1.285744917437161572e+00 2.256814676513554485e-04 6.594066674283493180e-04 1.197076136348366234e-03
1.317508980447168687e+00 2.271173171386688290e-04 6.662486696342309134e-04 1.208587955644648167e-03
1.350057768082737475e+00 2.303794095527285206e-04 6.689535083106342697e-04 1.218213521369621412e-03
1.383410666803898792e+00 2.330223804937652584e-04 6.750247406008255463e-04 1.219531022767704866e-03
1.417587542009180579e+00 2.338813224998078028e-04 6.775289528952076678e-04 1.228215367284413119e-03
1.452608749867683624e+00 2.356600658257370360e-04 6.845365801019906611e-04 1.233818047945533418e-03
1.488495149443468613e+00 2.370338719892699534e-04 6.863860774487710132e-04 1.228306669028515720e-03
1.525268115119471801e+00 2.377795423889910353e-04 6.866847354158913926e-04 1.241125783089382225e-03
1.562949549328351395e+00 2.388920917256420447e-04 6.926077406614931063e-04 1.244482467666615383e-03
1.601561895597847229e+00 2.404408096840558544e-04 6.942527970671049384e-04 1.244135121225384711e-03
1.641128151918423095e+00 2.415091018669585207e-04 6.974700815076584261e-04 1.248607471178040697e-03
1.681671884441154230e+00 2.433072038784305836e-04 7.009693488158037864e-04 1.263878103639793108e-03
1.723217241514019449e+00 2.455316225417038473e-04 7.088535465049260144e-04 1.266832405823647544e-03
1.765788968064948783e+00 2.475128057787736452e-04 7.146932907356626187e-04 1.290287510405151508e-03
1.809412420340218208e+00 2.497677452108391320e-04 7.170240540528956480e-04 1.277157597418477003e-03
1.854113581006937572e+00 2.499637927074607269e-04 7.222051005145676585e-04 1.276840441471165620e-03
1.899919074628647842e+00 2.526228163119571932e-04 7.248871228980490649e-04 1.282508138601374647e-03
1.946856183523241635e+00 2.551143938854354685e-04 7.307317333638114988e-04 1.308224239455829056e-03
1.994952864012648819e+00 2.565827765909958194e-04 7.257447592837677590e-04 1.335941560662578425e-03
2.044237763073965652e+00 2.584231990241317315e-04 7.318103081567490890e-04 1.346957862688993781e-03
2.094740235401950645e+00 2.611606426458138700e-04 7.391522500378762276e-04 1.361979862182736154e-03
2.146490360893040794e+00 2.635688182995699178e-04 7.524229739910591247e-04 1.377590987285292950e-03
2.199518962561312296e+00 2.639674060773526676e-04 7.618054454141336921e-04 1.390890481240859324e-03
2.253857624897045220e+00 2.657323852073861944e-04 7.703572009952697414e-04 1.396354350052164814e-03
2.309538712678839811e+00 2.664420345898907199e-04 7.762108627467308782e-04 1.414221361232944176e-03
2.366595390250475273e+00 2.672685175349811550e-04 7.813841675831497075e-04 1.409538188637622994e-03
2.425061641274004920e+00 2.689709946335795947e-04 7.879308800277309713e-04 1.413892401033921926e-03
2.484972288970843657e+00 2.709708367783008817e-04 7.909809042892459617e-04 1.409728852497376143e-03
2.546363016862909667e+00 2.722078622147555975e-04 7.887989108760285265e-04 1.416684111797064747e-03
2.609270390026170006e+00 2.722487803575867086e-04 7.928047015971557325e-04 1.420257732121153922e-03
2.673731876869256396e+00 2.741513123783174250e-04 7.988101259664053336e-04 1.434222188512439353e-03
2.739785871450098664e+00 2.761779462357399450e-04 8.023368323440393515e-04 1.440453651674294998e-03
2.807471716343918011e+00 2.775413815633344405e-04 8.050416080237066249e-04 1.444812796257141782e-03
2.876829726076139515e+00 2.793482143661449074e-04 8.112742346249705600e-04 1.453217422122636895e-03
2.947901211134224209e+00 2.808859854067027200e-04 8.167246090626020111e-04 1.461245663856348921e-03
3.020728502572707086e+00 2.827223702096324891e-04 8.237932556370355930e-04 1.452542007864827739e-03
3.095354977226092430e+00 2.855765579789475562e-04 8.268563528467017800e-04 1.452588502943623263e-03
3.171825083544637547e+00 2.889004841509091714e-04 8.252355945435821275e-04 1.474308654960965583e-03
3.250184368068394836e+00 2.917255775953100710e-04 8.292815780700960948e-04 1.470128717203758205e-03
3.330479502555294236e+00 2.943619871408899541e-04 8.326780867688695405e-04 1.478279836889469278e-03
3.412758311779421572e+00 2.941842544698105807e-04 8.399697941374575970e-04 1.474838058106171801e-03
3.497069802016041784e+00 2.973911584651497877e-04 8.488401662052456496e-04 1.475189101754668941e-03
3.583464190230342794e+00 2.988432759507228553e-04 8.510346603651901265e-04 1.476240265573376415e-03
3.671992933987281216e+00 2.995311660371545817e-04 8.523746168176248982e-04 1.470317287191224859e-03
3.762708762100343662e+00 3.002339142259753701e-04 8.540853715195669341e-04 1.495338529139180308e-03
3.855665706037477491e+00 3.012889591702643519e-04 8.575368273175418363e-04 1.521082161258535377e-03
3.950919132102903575e+00 3.019564287539627605e-04 8.602015143252631510e-04 1.521091303098519830e-03
4.048525774413969103e+00 3.021056550881141747e-04 8.597551973384552799e-04 1.538254523594689708e-03
4.148543768692692701e+00 3.008767381610698635e-04 8.617546610083762389e-04 1.531885951313928214e-03
4.251032686892105339e+00 2.994349445133798410e-04 8.608624005511573453e-04 1.542051690082807749e-03
4.356053572678060704e+00 2.981057789121643745e-04 8.552390958753676919e-04 1.540838443321085240e-03
4.463668977787585312e+00 2.967498221203619820e-04 8.556491592903234375e-04 1.527155804413696336e-03
4.573942999285467437e+00 2.975095951850858958e-04 8.497354675775841901e-04 1.530391904341538373e-03
4.686941317741262658e+00 2.971395156582628096e-04 8.522276000091816598e-04 1.512288603862375989e-03
4.802731236349449873e+00 2.971898470897751184e-04 8.490854244569665020e-04 1.497038760010182623e-03
4.921381721016047095e+00 2.992884129890227389e-04 8.419797883106994564e-04 1.501417447592622370e-03
5.042963441435556859e+00 3.007996420430589951e-04 8.446464604803472160e-04 1.516741510179014322e-03
5.167548813182710532e+00 3.018164139350022670e-04 8.396314069463718622e-04 1.510868505602680446e-03
5.295212040844075041e+00 3.028627180532962268e-04 8.406762653352371252e-04 1.512417391712705950e-03
5.426029162215227686e+00 3.030714398314552456e-04 8.397896138383405826e-04 1.510477158149723872e-03
5.560078093589800652e+00 3.035390483262324153e-04 8.457495012170825098e-04 1.471671699733157835e-03
5.697438676167393190e+00 3.042847952000292400e-04 8.464309330384452374e-04 1.465174926090942074e-03
5.838192723607971146e+00 3.047292625942749403e-04 8.480820841146655392e-04 1.455225508727548247e-03
5.982424070761099166e+00 3.066458471711799708e-04 8.416283729810126926e-04 1.445631461405886761e-03
6.130218623599007266e+00 3.096329053822886781e-04 8.487804916568898305e-04 1.447027112598538385e-03
6.281664410383254626e+00 3.106598854978703632e-04 8.498004519042171197e-04 1.451746405356034615e-03
6.436851634095445363e+00 3.107950622791176760e-04 8.474285999270537864e-04 1.450339206868477351e-03
6.595872726163246824e+00 3.107292702557850218e-04 8.459886992987423852e-04 1.467845790641452656e-03
6.758822401513666200e+00 3.098270453994577799e-04 8.413754334939153520e-04 1.459160507935525165e-03
6.925797714986464904e+00 3.082874596264765523e-04 8.355555863025573718e-04 1.453299870723571930e-03
7.096898119141198613e+00 3.068288131923092095e-04 8.326657263991066749e-04 1.467051771201507201e-03
7.272225523492395816e+00 3.059831601484235084e-04 8.321103136404794194e-04 1.451985719519849772e-03
7.451884355208123090e+00 3.059271480941566754e-04 8.319057803215510524e-04 1.472527486349007025e-03
7.635981621308095768e+00 3.057531291686196189e-04 8.306105966501114426e-04 1.490217831339501640e-03
7.824626972398384339e+00 3.038623112161104034e-04 8.280583799239721711e-04 1.495588126638162582e-03
8.017932767980664011e+00 3.027911611181602174e-04 8.270741283303820364e-04 1.503140243230568314e-03
8.216014143374929191e+00 3.018955216735717947e-04 8.285643902231125619e-04 1.488205511460505932e-03
8.418989078295506800e+00 2.999021738011615622e-04 8.280598880160321487e-04 1.498745615719996151e-03
8.626978467121233507e+00 2.973035729802067477e-04 8.259806184265487163e-04 1.501530197607933974e-03
8.840106190901643402e+00 2.944030737250353472e-04 8.238462644143444095e-04 1.486981905175343600e-03
9.058499191142049156e+00 2.919710104369454976e-04 8.296550715077891623e-04 1.497864169834513867e-03
9.282287545411469054e+00 2.895841321038018128e-04 8.265484135501171940e-04 1.513118045784175641e-03
9.511604544818441198e+00 2.877410279993277320e-04 8.247617357205752012e-04 1.512540353700946938e-03
9.746586773400844450e+00 2.861851957180729859e-04 8.227613128223529608e-04 1.535486034463318236e-03
9.987374189477048247e+00 2.851100710521903758e-04 8.268245291327398858e-04 1.523320554779884891e-03
1.023411020900682011e+01 2.849707604391208565e-04 8.211837667206313895e-04 1.530800631793708408e-03
1.048694179101160628e+01 2.826367595479209330e-04 8.192474509024784933e-04 1.520233064335941046e-03
1.074601952510519531e+01 2.823940909396503891e-04 8.174148113070861055e-04 1.511614220113463147e-03
1.101149772118672132e+01 2.817493073783855235e-04 8.134662892296075972e-04 1.505462223627211096e-03
1.128353450134954805e+01 2.805865148368977637e-04 8.093448690400855891e-04 1.503085559311746582e-03
1.156229189406074553e+01 2.799022297360147216e-04 8.100197054031497762e-04 1.487268492835820688e-03
1.184793593066724249e+01 2.792714971001676052e-04 8.071117181306117303e-04 1.459830745043398138e-03
1.214063674428615869e+01 2.798961632065954464e-04 8.053010112988638830e-04 1.451724222964122582e-03
1.244056867113817333e+01 2.785369388605079643e-04 8.024003220403275530e-04 1.455477511438072608e-03
1.274791035438435038e+01 2.769369829540408953e-04 7.991671844310107610e-04 1.456310505155507425e-03
1.306284485052819733e+01 2.744950820187791181e-04 7.941950562043719212e-04 1.434635424136759211e-03
1.338555973844639446e+01 2.751972387369389377e-04 7.912859351189840615e-04 1.434216393738757186e-03
1.371624723111307631e+01 2.746299116983693354e-04 7.889950954931831484e-04 1.423302724098644530e-03
1.405510429008426598e+01 2.729168940494267775e-04 7.848909524657990498e-04 1.425139202015735700e-03
1.440233274281060361e+01 2.743525011799582167e-04 7.839714287843695074e-04 1.427398767842534208e-03
1.475813940284827197e+01 2.740960299541215801e-04 7.820015245197487570e-04 1.435313015294173173e-03
1.512273619303970840e+01 2.747430854494556525e-04 7.867510235412437459e-04 1.433133943151114129e-03
1.549634027173745920e+01 2.738319652221523552e-04 7.872755522866038604e-04 1.410110207596481898e-03
1.587917416214640731e+01 2.713464677297380248e-04 7.890876121113166598e-04 1.397200351090837310e-03
1.627146588486126433e+01 2.710384349604388443e-04 7.903574441879108407e-04 1.401136636410718703e-03
1.667344909367855621e+01 2.727313553965159424e-04 7.916402849891229342e-04 1.395426616556757647e-03
1.708536321476364961e+01 2.723946856463740625e-04 7.934275942674483793e-04 1.407675308284806696e-03
1.750745358925593820e+01 2.724216300948921823e-04 7.963531795517079983e-04 1.411343999591257439e-03
1.793997161939707397e+01 2.709731249053423988e-04 7.970743581385553167e-04 1.418075568029612691e-03
1.838317491826924055e+01 2.729611220111797555e-04 7.992815411376611497e-04 1.431259963056214250e-03
1.883732746323267193e+01 2.750117610262848233e-04 8.048054874102481384e-04 1.430104048145309321e-03
1.930269975315385977e+01 2.751547874633405218e-04 8.024115669138612858e-04 1.438904691249971073e-03
1.977956896951799592e+01 2.730463865001263790e-04 8.058297345389875627e-04 1.447931700318709665e-03
2.026821914152169413e+01 2.725249957349953336e-04 8.086058499677260857e-04 1.472864137214615699e-03
2.076894131524429810e+01 2.759968454541710057e-04 8.099424958502607179e-04 1.496427433421795893e-03
2.128203372699851670e+01 2.782292967607505308e-04 8.180284382070206325e-04 1.516543287518147716e-03
2.180780198096364586e+01 2.773468678764551471e-04 8.153478548695608941e-04 1.506296947234382361e-03
2.234655923120721255e+01 2.778745006390503469e-04 8.150716416363325018e-04 1.497585364870735684e-03
2.289862636820339148e+01 2.804948563985726101e-04 8.167904522645515111e-04 1.486595662483435358e-03
2.346433220995934121e+01 2.823473848625532973e-04 8.236370830071968211e-04 1.503236599975155520e-03
2.404401369786327081e+01 2.819025430679761128e-04 8.304317333190945399e-04 1.516507774424210794e-03
2.463801609737091880e+01 2.822921920764451492e-04 8.302426506398007415e-04 1.541225006313193691e-03
2.524669320364981928e+01 2.841370731020282899e-04 8.298720355224108039e-04 1.549871549603476202e-03
2.587040755230423983e+01 2.895863217492252871e-04 8.364350346006531366e-04 1.565313015913576480e-03
2.650953063530574738e+01 2.952858269840279723e-04 8.436190465844372504e-04 1.568116168393488864e-03
2.716444312225844726e+01 2.970227328026270406e-04 8.455500017076303821e-04 1.569437750014560573e-03
2.783553508713050917e+01 2.990955322298687199e-04 8.479236578355578294e-04 1.582226244837379916e-03
2.852320624058703302e+01 3.042940885726003013e-04 8.639077087182780957e-04 1.597890700716164377e-03
2.922786616806266835e+01 3.103514538067592035e-04 8.779216691267698741e-04 1.601287937674591901e-03
2.994993457371574408e+01 3.147637422740660190e-04 8.842626485719676417e-04 1.628228107613258376e-03
3.068984153040926799e+01 3.194160814643138570e-04 8.848855136349393453e-04 1.632586730932832162e-03
3.144802773586762967e+01 3.237420390263755199e-04 8.944133939995480920e-04 1.661010909713780742e-03
3.222494477516159606e+01 3.291661236551727838e-04 9.045013683820271860e-04 1.679806212996852411e-03
3.302105538967799703e+01 3.349674899335332843e-04 9.169293313063584623e-04 1.697820506124323716e-03
3.383683375273415805e+01 3.439067884150685795e-04 9.318838409776809351e-04 1.718041457175011836e-03
3.467276575200143185e+01 3.621615671909774576e-04 9.595303732607731980e-04 1.769247073910015311e-03
3.552934927890587602e+01 3.854246326134346066e-04 1.001488227966515271e-03 1.818931619290797006e-03
3.640709452517855027e+01 4.068594012670131901e-04 1.043167694071338173e-03 1.888407641706838424e-03
3.730652428673199239e+01 4.245600065791392389e-04 1.079293079808692690e-03 1.938891755662492961e-03
3.822817427504394772e+01 4.331124831450109606e-04 1.099497643999923328e-03 2.005643109902977873e-03
3.917259343623376822e+01 4.351267869105926575e-04 1.110423138843829585e-03 2.055617353189946941e-03
4.014034427802135241e+01 4.274869539938680398e-04 1.116445928815591477e-03 2.105084080996974007e-03
4.113200320476391880e+01 4.234427796672693878e-04 1.125146004697870393e-03 2.102526360688505066e-03
4.214816086076942270e+01 4.311020582276492582e-04 1.147361767109179517e-03 2.159588100412773194e-03
4.318942248209162216e+01 4.601696245449928349e-04 1.200870627545299295e-03 2.257943656486373612e-03
4.425640825701616166e+01 5.131354440815489443e-04 1.320108717081315509e-03 2.362269050639935128e-03
4.534975369545237101e+01 5.803170921428327592e-04 1.490655434072796605e-03 2.487101757528907033e-03
4.647011000745082043e+01 6.509126375862884714e-04 1.672401116972970165e-03 2.751901652709703300e-03
4.761814449107207992e+01 7.092329863576327933e-04 1.830382628739846401e-03 2.968233401555852181e-03
4.879454092983766600e+01 7.338139384383368484e-04 1.911193444491533474e-03 3.124278183432286152e-03
4.999999999999999289e+01 7.083340349604638026e-04 1.903251101078741632e-03 3.328192342925917046e-03
