1.000000000000000021e-02 3.437745461711515238e-04 9.203952812440091601e-04 1.677806346529340381e-03
1.024704793757475266e-02 3.264431986208805305e-04 8.806491003256785959e-04 1.610140130118806060e-03
1.050019914349549846e-02 3.105589132932087501e-04 8.374501293396319950e-04 1.560109798616690635e-03
1.075960439774797245e-02 2.974397087991083647e-04 8.010630531885496721e-04 1.483978403385571420e-03
1.102541820530636082e-02 2.860270537432558352e-04 7.731818874475492129e-04 1.451029315102692367e-03
1.129779888815837276e-02 2.789346153267309165e-04 7.499325708899018958e-04 1.392713139142953737e-03
1.157690867960375902e-02 2.732665502510505436e-04 7.359158032877695984e-04 1.367915714615270751e-03
1.186291382088249489e-02 2.688780093485990531e-04 7.243342280969520056e-04 1.333631171422552204e-03
1.215598466019009866e-02 2.649810486811170424e-04 7.167736342900384375e-04 1.310447802204287113e-03
1.245629575413912879e-02 2.628657367955320140e-04 7.088716209651856536e-04 1.299143830392376171e-03
1.276402597172724904e-02 2.616215483732898866e-04 7.057923379462393600e-04 1.296583436145370060e-03
1.307935860087382912e-02 2.612095391786115202e-04 7.014896696324747060e-04 1.293902276773102036e-03
1.340248145758847660e-02 2.623533868642779717e-04 6.981138843120224691e-04 1.301005691085033644e-03
1.373358699783658668e-02 2.631390688902570133e-04 6.971040500944887097e-04 1.295092719194822261e-03
1.407287243216849039e-02 2.635403099593838848e-04 6.943403299667328613e-04 1.278918943058970307e-03
1.442053984318047120e-02 2.647478092634888676e-04 6.902990496136363454e-04 1.274564321401137207e-03
1.477679630587769993e-02 2.656116006417107546e-04 6.908397996910824006e-04 1.266581999501922981e-03
1.514185401101062964e-02 2.660915025939903896e-04 6.921963296477469905e-04 1.251512526757423685e-03
1.551593039145844621e-02 2.669790003161745290e-04 6.881034122370119094e-04 1.236962914634464174e-03
1.589924825173476969e-02 2.653819660420952487e-04 6.845998788922109989e-04 1.236219907894893586e-03
1.629203590069277716e-02 2.640765197674981089e-04 6.861716004336044887e-04 1.250908706922284177e-03
1.669452728750877440e-02 2.639090811150578641e-04 6.842709768334101191e-04 1.246280048150850929e-03
1.710696214102521914e-02 2.628875777995750640e-04 6.837602750570844759e-04 1.234358442795309169e-03
1.752958611253618501e-02 2.633991818276341565e-04 6.818632560565765499e-04 1.224907295450265504e-03
1.796265092210029557e-02 2.629164206358529463e-04 6.781029612287273450e-04 1.228908304359288117e-03
1.840641450846831201e-02 2.629157969135489980e-04 6.749202177508638583e-04 1.203778290390651378e-03
1.886114118271462262e-02 2.620759917851648050e-04 6.768406688975792031e-04 1.199397551041565292e-03
1.932710178566421008e-02 2.622768095757707142e-04 6.799566753836064695e-04 1.202709013926976265e-03
1.980457384920877514e-02 2.619024468855470143e-04 6.809600093993774207e-04 1.197016867707194473e-03
2.029384176160816539e-02 2.628521565783483198e-04 6.818240739288725007e-04 1.203985944620444446e-03
2.079519693687553392e-02 2.627610538749440301e-04 6.826119153690221857e-04 1.205689009621426508e-03
2.130893798834713679e-02 2.629326897713883996e-04 6.856002522749239008e-04 1.206152900860874878e-03
2.183537090654008236e-02 2.617875481761478451e-04 6.864601780926892069e-04 1.236135891242648444e-03
2.237480924140412830e-02 2.624230966600062435e-04 6.901504187814059806e-04 1.232018301358665325e-03
2.292757428907587006e-02 2.615889868197511211e-04 6.932939570495767322e-04 1.251346052072787457e-03
2.349399528324667974e-02 2.608841285088076716e-04 6.942249095761372953e-04 1.255059539769055616e-03
2.407440959125838748e-02 2.594403044872388040e-04 6.933058639301788780e-04 1.253688415725292280e-03
2.466916291504341052e-02 2.571819832220650069e-04 6.860642268598590330e-04 1.249735018121120355e-03
2.527860949702911281e-02 2.559504694257025339e-04 6.811778551337763308e-04 1.224578188032336918e-03
2.590311233112897391e-02 2.546085955879289907e-04 6.720001431385623806e-04 1.225711013462794886e-03
2.654304337894622737e-02 2.519946315964261062e-04 6.682053006425002105e-04 1.216689926518242952e-03
2.719878379131881324e-02 2.494402916603450965e-04 6.603676422006620351e-04 1.177190007120804648e-03
2.787072413533750459e-02 2.474567488956267293e-04 6.624503456573077641e-04 1.169586958337531096e-03
2.855926462697251991e-02 2.447628444382020743e-04 6.610690149867404957e-04 1.183689498930309315e-03
2.926481536944703504e-02 2.432488474497955587e-04 6.544952969518532445e-04 1.171728777227748876e-03
2.998779659749981411e-02 2.415204652244307072e-04 6.518639296387538111e-04 1.170741501958072646e-03
3.072863892768216629e-02 2.412087447353840916e-04 6.504471863979865249e-04 1.176559270770978537e-03
3.148778361483847710e-02 2.426173280575331091e-04 6.477396471022752334e-04 1.188389101163905360e-03
3.226568281492307039e-02 2.434936638903013840e-04 6.524548779674137341e-04 1.177219062935790875e-03
3.306279985430987667e-02 2.435491649715870049e-04 6.535574502911120458e-04 1.196150648164025698e-03
3.387960950575528291e-02 2.443249208202300437e-04 6.623043812906527581e-04 1.199256334889083585e-03
3.471659827117876823e-02 2.472114603669699163e-04 6.682956682010936971e-04 1.202460914553931965e-03
3.557426467142935783e-02 2.504510195447139423e-04 6.659038181854020494e-04 1.217106764549171936e-03
3.645311954321085735e-02 2.531303271189194737e-04 6.653666109669384172e-04 1.207000706462159996e-03
3.735368634334246957e-02 2.562969070425700005e-04 6.736227354489656392e-04 1.228535112510868678e-03
3.827650146053616920e-02 2.583080782285883284e-04 6.817519394549094534e-04 1.237770895358957131e-03
3.922211453487641636e-02 2.629203334200848189e-04 6.890543739037798248e-04 1.246768717876418995e-03
4.019108878519260519e-02 2.658775236784559890e-04 7.017902846925636734e-04 1.263551164819869902e-03
4.118400134451916800e-02 2.679523944179687295e-04 7.028483508252762225e-04 1.267855809160128248e-03
4.220144360384309873e-02 2.698704162110520765e-04 7.058939164037372630e-04 1.284162980005220788e-03
4.324402156434375977e-02 2.714889662569242045e-04 7.137350102695250945e-04 1.312631323252744535e-03
4.431235619833468614e-02 2.698618151846541918e-04 7.210169593913132429e-04 1.341456290880399830e-03
4.540708381912234720e-02 2.727838307211282462e-04 7.275711502561323964e-04 1.353877487055264684e-03
4.652885646000215480e-02 2.746439445767290960e-04 7.420046016361704546e-04 1.360539271836991738e-03
4.767834226261768310e-02 2.790771595453119913e-04 7.678400034738195332e-04 1.373128555022283927e-03
4.885622587491396385e-02 2.854390037710155255e-04 7.776770692590332431e-04 1.379038564319977865e-03
5.006320885892234090e-02 2.894306211539524640e-04 7.836237275420035323e-04 1.405017407048871113e-03
5.130001010861944682e-02 2.940723543081613005e-04 7.952811013920513348e-04 1.428071819186532785e-03
5.256736627810928986e-02 2.996738579118972054e-04 8.114026900844296172e-04 1.488302233653088788e-03
5.386603222038363614e-02 3.048430389139537193e-04 8.378586961080454736e-04 1.540784133663478843e-03
5.519678143692172828e-02 3.146029610814175012e-04 8.843916958095989541e-04 1.623403173778012422e-03
5.656040653839732035e-02 3.213381837687457774e-04 9.370904316755819053e-04 1.759440876471980416e-03
5.795771971676737938e-02 3.330323893931682417e-04 9.882787823947275507e-04 1.792918056915417807e-03
5.938955322902367273e-02 3.427447305303975376e-04 1.035225786689548001e-03 1.795212240048530122e-03
6.085675989289530269e-02 3.490781927612351498e-04 1.053124557646620187e-03 1.807788255200028270e-03
6.236021359479747284e-02 3.553641066942916341e-04 1.061243726384599080e-03 1.807211633883271367e-03
6.390080981032904284e-02 3.636817648667075437e-04 1.069744557926291832e-03 1.808903758771480703e-03
6.547946613762888057e-02 3.721717251445837821e-04 1.071889677311339308e-03 1.793247425550334754e-03
6.709712284390857706e-02 3.726103035019998435e-04 1.089896874146709148e-03 1.790191217152968138e-03
6.875474342548731910e-02 3.763211766518190313e-04 1.081756388009498570e-03 1.796659639229508014e-03
7.045331518166214613e-02 3.796602645462756535e-04 1.090966368022933380e-03 1.834689922495955300e-03
7.219384980275551922e-02 3.791258653508739244e-04 1.089118562972663093e-03 1.832415956687560550e-03
7.397738397269074118e-02 3.776908606749369434e-04 1.050582533188230321e-03 1.828743582330521556e-03
7.580497998645360780e-02 3.736599660835747188e-04 1.047715558427773051e-03 1.854638390089349094e-03
7.767772638280848185e-02 3.636361994872918920e-04 1.033938240485710210e-03 1.840898999285563902e-03
7.959673859264540519e-02 3.497641448799028007e-04 9.227708843949995656e-04 1.696705918976033249e-03
8.156315960334438453e-02 3.444946245164586603e-04 8.645179149167114873e-04 1.556629431871048600e-03
8.357816063955303409e-02 3.443075211940159735e-04 8.715631666765602525e-04 1.557527473178750696e-03
8.564294186078233451e-02 3.475409949244153925e-04 8.655742600695785337e-04 1.590058790193040437e-03
8.775873307623639763e-02 3.425896277970514009e-04 8.634197255359882034e-04 1.595177889884472891e-03
8.992679447730214659e-02 3.416446509309069919e-04 8.668781972254084936e-04 1.591381520499585709e-03
9.214841738813475680e-02 3.406178924369838317e-04 8.713499350683613859e-04 1.593787362478403784e-03
9.442492503478637500e-02 3.399829274125253683e-04 8.667683927715357471e-04 1.619174511103486057e-03
9.675767333333583353e-02 3.417685299477657901e-04 8.777395936194385372e-04 1.617915024453241233e-03
9.914805169748905356e-02 3.435242842900351431e-04 8.894759781017071891e-04 1.632738055551327108e-03
1.015974838661310165e-01 3.448627931219160492e-04 9.026494294622531374e-04 1.695916997941202984e-03
1.041074287513222008e-01 3.462427261192849485e-04 9.171202662638262013e-04 1.709021486204003511e-03
1.066793813072447195e-01 3.510363907598913411e-04 9.353051417497618755e-04 1.808358046763188735e-03
1.093148734206152578e-01 3.481117910450601456e-04 9.402020805429767017e-04 1.871934368585385965e-03
1.120154748230960673e-01 3.498371866775376094e-04 9.507350745242744167e-04 1.905253164473165754e-03
1.147827940262463181e-01 3.470967084148905766e-04 9.478731341719838629e-04 1.873789680812793131e-03
1.176184792795714890e-01 3.433639429431204620e-04 9.485124345139229855e-04 1.869458459302033096e-03
1.205242195522411852e-01 3.502899460367899691e-04 9.567729566296297259e-04 1.902319736570367388e-03
1.235017455390599594e-01 3.558723888111680190e-04 9.783460702332750884e-04 1.902919540174885385e-03
1.265528306912906409e-01 3.568464597815166435e-04 9.897383430031688259e-04 1.923153753199821018e-03
1.296792922729436415e-01 3.588131606543078179e-04 9.931519450041030248e-04 1.944621154126857220e-03
1.328829924431621512e-01 3.545352463261318074e-04 9.916184714454537395e-04 1.965839982432280534e-03
1.361658393653465970e-01 3.567068909604933537e-04 9.969598670968179109e-04 1.931491102131524615e-03
1.395297883436809883e-01 3.588536671132759310e-04 9.985169193504829684e-04 1.947384661400710596e-03
1.429768429877358027e-01 3.559485046479147390e-04 9.907914358115691052e-04 2.004612380866918099e-03
1.465090564058427469e-01 3.577908308913147102e-04 9.982194419231344307e-04 1.966090336534044754e-03
1.501285324279514055e-01 3.582421307447915563e-04 1.005026291547772913e-03 1.959146384076024608e-03
1.538374268586963634e-01 3.593159883949118396e-04 1.005657406733588511e-03 1.974846986447163690e-03
1.576379487614211483e-01 3.664215304512392695e-04 1.005136138206576182e-03 2.052723350484197875e-03
1.615323617739234940e-01 3.637655626490097376e-04 1.017579588365731362e-03 2.123150894201013446e-03
1.655229854567062397e-01 3.652517690439452012e-04 1.017030385191257944e-03 2.159554829553927448e-03
1.696121966745357534e-01 3.679244730261135008e-04 1.030891961872620541e-03 2.167749382118200428e-03
1.738024310121324689e-01 3.612183262152870522e-04 1.018996884419194658e-03 2.171498696667369197e-03
1.780961842248350302e-01 3.548106470666638674e-04 1.008382423360923083e-03 2.172310597107123507e-03
1.824960137251029069e-01 3.578708048218242439e-04 1.033559368193691982e-03 2.146868343186951640e-03
1.870045401057429391e-01 3.506058777542986424e-04 1.014818314098305755e-03 2.103394167481264718e-03
1.916244487007668085e-01 3.573379144909324674e-04 1.037270732804148818e-03 2.133899447351546731e-03
1.963584911848091641e-01 3.661647186809764243e-04 1.063510727754907268e-03 2.158665554518685893e-03
2.012094872120588906e-01 3.655473527918554912e-04 1.068151993108652862e-03 2.184042337662256417e-03
2.061803260956802664e-01 3.574485469689067554e-04 1.054361616402224155e-03 2.124596947731120008e-03
2.112739685287230440e-01 3.593690427493327817e-04 1.070602497952716963e-03 2.175046703753959979e-03
2.164934483475484395e-01 3.650497145518529570e-04 1.074087935006348216e-03 2.332915500935444676e-03
2.218418743388192449e-01 3.770412541915858545e-04 1.124560536545947138e-03 2.407645870384097185e-03
2.273224320911315099e-01 3.775307001703351209e-04 1.116326193197960184e-03 2.419033304769765535e-03
2.329383858923906037e-01 3.691981145740609030e-04 1.075297709800353274e-03 2.421740367847676715e-03
2.386930806740612809e-01 3.662955050527917861e-04 1.076498301484664875e-03 2.396975165146467222e-03
2.445899440034503824e-01 3.616121551533323813e-04 1.073215109909516360e-03 2.418736919611652342e-03
2.506324881252080528e-01 3.656695103423365854e-04 1.085088006631511857e-03 2.386477301617672374e-03
2.568243120532642809e-01 3.652434463751012828e-04 1.095819395094344006e-03 2.370016559269976647e-03
2.631691037144456291e-01 3.522786809613630667e-04 1.077792712717882051e-03 2.347387016983566721e-03
2.696706421450506541e-01 3.575279137110238961e-04 1.104551651671330454e-03 2.330969067423317373e-03
2.763327997416900050e-01 3.668132216219544169e-04 1.111469716774190694e-03 2.397589409755110368e-03
2.831595445677341782e-01 3.656606809689964344e-04 1.105904702605494620e-03 2.418441114253414796e-03
2.901549427167406936e-01 3.651603360760469360e-04 1.096350635406625378e-03 2.535460507916925763e-03
2.973231607342697869e-01 3.569296610453819235e-04 1.097148238671870508e-03 2.528313969444880190e-03
3.046684680995305761e-01 3.564713677998803646e-04 1.105214984522090785e-03 2.558414335006012688e-03
3.121952397683354086e-01 3.680539380082952449e-04 1.128315014838112036e-03 2.468460219838910976e-03
3.199079587788778434e-01 3.703856012372279578e-04 1.128599989248135109e-03 2.501111298584533706e-03
3.278112189218849171e-01 3.692104081424207093e-04 1.159850216691785205e-03 2.513423188328074362e-03
3.359097274767366414e-01 3.650350822895207284e-04 1.153416370623218520e-03 2.437711139445032302e-03
3.442083080151791541e-01 3.610912436892879489e-04 1.135084942009393196e-03 2.403091840369616771e-03
3.527119032743036287e-01 3.653797986753762545e-04 1.140715468523308520e-03 2.615545010538399082e-03
3.614255781005018542e-01 3.753144526630017189e-04 1.170163857328849078e-03 2.663158756988739592e-03
3.703545224661510260e-01 3.614686363835173236e-04 1.147707770946024015e-03 2.619395473324685926e-03
3.795040545608255322e-01 3.576283400343976916e-04 1.124845564168531738e-03 2.550648463459604005e-03
3.888796239588763748e-01 3.717351356600607582e-04 1.199813571060977246e-03 2.568171843468417676e-03
3.984868148652651043e-01 3.699305220482851115e-04 1.187338014899683072e-03 2.560474148914196595e-03
4.083313494415847233e-01 3.551607266261005242e-04 1.123833888418616749e-03 2.465901705920774904e-03
4.184190912142506380e-01 3.523370185118858563e-04 1.128390218082228006e-03 2.554837222093770364e-03
4.287560485668889254e-01 3.544438021972980309e-04 1.128890635961549063e-03 2.574355660437546624e-03
4.393483783190039182e-01 3.435274797131519526e-04 1.092835281105845966e-03 2.507736591459776548e-03
4.502023893930561238e-01 3.429351489075832538e-04 1.071873516648475400e-03 2.441877888337855816e-03
4.613245465721341199e-01 3.454842032733752518e-04 1.097115215601232900e-03 2.428707354563414654e-03
4.727214743504594696e-01 3.416791493859235051e-04 1.077183784335103379e-03 2.385871203667801286e-03
4.843999608790172107e-01 3.332941153275627505e-04 1.046451892496174946e-03 2.385330972377086144e-03
4.963669620086626488e-01 3.304157570711411022e-04 1.033431991045798614e-03 2.392556935917346337e-03
5.086296054331111982e-01 3.279434234316232883e-04 1.022486820280241702e-03 2.407409341466976334e-03
5.211951949342822354e-01 3.281276593756473963e-04 1.012166137195645143e-03 2.354602096795311260e-03
5.340712147325208381e-01 3.312760107387287311e-04 1.031265074864880097e-03 2.435017813872803177e-03
5.472653339442919984e-01 3.285658809470076800e-04 1.064992475947617537e-03 2.485081817467662667e-03
5.607854111500015781e-01 3.283739202492938361e-04 1.093733389541956579e-03 2.613294616988097278e-03
5.746394990746632736e-01 3.322017047995239861e-04 1.111856854210007458e-03 2.670434219223904396e-03
5.888358493842017483e-01 3.368191186352917778e-04 1.136850762115662475e-03 2.716901215640255950e-03
6.033829176002462047e-01 3.390569566976687457e-04 1.133144061721662061e-03 2.734055775290043094e-03
6.182893681363439420e-01 3.400749129866506332e-04 1.133320510012109745e-03 2.687725809450880639e-03
6.335640794585923885e-01 3.415154182450762395e-04 1.126254922851915689e-03 2.621283708594743939e-03
6.492161493737614864e-01 3.441534681948418741e-04 1.122598305343094818e-03 2.612557015764946367e-03
6.652549004480625694e-01 3.442905435460640864e-04 1.116110771603149449e-03 2.616906250824705196e-03
6.816898855597816054e-01 3.476462159223466918e-04 1.138313997240050909e-03 2.641888827235933188e-03
6.985308935890929272e-01 3.504498998308914581e-04 1.141898406269216317e-03 2.683578477318017842e-03
7.157879552484364138e-01 3.521965888568846272e-04 1.150076415620834500e-03 2.746842987308439205e-03
7.334713490569338967e-01 3.540434112041688174e-04 1.162440584697221673e-03 2.716582668452821245e-03
7.515916074624026111e-01 3.547645554456695279e-04 1.149950889055927029e-03 2.782783924581587551e-03
7.701595231146105558e-01 3.548370201739641612e-04 1.147188040773668670e-03 2.819660870532576455e-03
7.891861552935128810e-01 3.552496528971641485e-04 1.136357530621744192e-03 2.801264537677691790e-03
8.086828364962939109e-01 3.565209012205302589e-04 1.120505930284619242e-03 2.810431451864901353e-03
8.286611791871449917e-01 3.568019298122109646e-04 1.125638617440605357e-03 2.809080320511686459e-03
8.491330827137896220e-01 3.582257931374487232e-04 1.147210955755601901e-03 2.882959955339365384e-03
8.701107403948828978e-01 3.581203953288208605e-04 1.158336362769562047e-03 2.937407624853144005e-03
8.916066467825025654e-01 3.559219387515279382e-04 1.156548128376411579e-03 2.945681594478309368e-03
9.136336051040584438e-01 3.532617607707365598e-04 1.163400177150441649e-03 2.968201729378186493e-03
9.362047348880527808e-01 3.540882868531839626e-04 1.158732809407636826e-03 2.967630619837853100e-03
9.593334797782339107e-01 3.521072856332167810e-04 1.162277058908065029e-03 3.013403616121416474e-03
9.830336155407967125e-01 3.505025430994634450e-04 1.161984652114196647e-03 2.992987340836740680e-03
1.007319258269396833e+00 3.506025732848588633e-04 1.166585573596385815e-03 2.989553555813695244e-03
1.032204872792875205e+00 3.491174112680133228e-04 1.175945120110643075e-03 2.979018555479095824e-03
1.057705281290684196e+00 3.499764057417500919e-04 1.181313288518813683e-03 3.052627530287180518e-03
1.083835672121162830e+00 3.541217626062001869e-04 1.213606802157609970e-03 3.095388082916819376e-03
1.110611608867911881e+00 3.565367917906332924e-04 1.211393069488531961e-03 3.094135135920028298e-03
1.138049039609651425e+00 3.571868060072371409e-04 1.205756220396012090e-03 3.062499080449089875e-03
1.166164306419100516e+00 3.606914203038872409e-04 1.218374136365184702e-03 3.055609401058150595e-03
1.194974155096513613e+00 3.640597367277319534e-04 1.233036756406994620e-03 3.088488811348085849e-03
1.224495745143686198e+00 3.670984652623479638e-04 1.226202828370741814e-03 3.107455620624042895e-03
1.254746659984366852e+00 3.660543719899510924e-04 1.222636135564623798e-03 3.134468206611226455e-03
1.285744917437161572e+00 3.678457366426803933e-04 1.220088253228815769e-03 3.115105309190648302e-03
1.317508980447168687e+00 3.721016927833836730e-04 1.243914805056179317e-03 3.184172755940750405e-03
1.350057768082737475e+00 3.761568988662899885e-04 1.255046021015683664e-03 3.244984878803095635e-03
1.383410666803898792e+00 3.796816281703093744e-04 1.256699442080948465e-03 3.249787085982922680e-03
1.417587542009180579e+00 3.814443690380883798e-04 1.254403994701135767e-03 3.230674845259850613e-03
1.452608749867683624e+00 3.858853140545376206e-04 1.263976922172379896e-03 3.238954206197085500e-03
1.488495149443468613e+00 3.901835984231066964e-04 1.276649004777781829e-03 3.265463031130756092e-03
1.525268115119471801e+00 3.940853961061923532e-04 1.275201621971109927e-03 3.260065485058112958e-03
1.562949549328351395e+00 3.954747989768484288e-04 1.269385607092596508e-03 3.214404774857120874e-03
1.601561895597847229e+00 3.950462024500790790e-04 1.260275760636838608e-03 3.205751203123011640e-03
1.641128151918423095e+00 4.003877028322080011e-04 1.276205632221203432e-03 3.227164074804904272e-03
1.681671884441154230e+00 4.030746394693805615e-04 1.279980337705446947e-03 3.226426860886687144e-03
1.723217241514019449e+00 4.052281669424234712e-04 1.281999479095756586e-03 3.211874738571069733e-03
1.765788968064948783e+00 4.053111978784460466e-04 1.269928187057288525e-03 3.225326927109663493e-03
1.809412420340218208e+00 4.071185598559623042e-04 1.277903575560577001e-03 3.238758220693396719e-03
1.854113581006937572e+00 4.109567271699439157e-04 1.287629486345678127e-03 3.233263407456589845e-03
1.899919074628647842e+00 4.104546675492007422e-04 1.299974759122083734e-03 3.246228187480356200e-03
1.946856183523241635e+00 4.077319547686198949e-04 1.291039352295630070e-03 3.245010229338481361e-03
1.994952864012648819e+00 4.045427641985496867e-04 1.286573651582446909e-03 3.240565565642639003e-03
2.044237763073965652e+00 4.108277346126046900e-04 1.292659652063532331e-03 3.262860678287365316e-03
2.094740235401950645e+00 4.097229082161041075e-04 1.309586270002465868e-03 3.213836589144373340e-03
2.146490360893040794e+00 4.042836975039760367e-04 1.301486610200476221e-03 3.191028591645351034e-03
2.199518962561312296e+00 4.007531232610567467e-04 1.300900948180189979e-03 3.178135228350334202e-03
2.253857624897045220e+00 3.996043610371837829e-04 1.303294168027999264e-03 3.183295582666321056e-03
2.309538712678839811e+00 4.010360746254170794e-04 1.311138222316182928e-03 3.189437527232457607e-03
2.366595390250475273e+00 4.004176724870199262e-04 1.307029810524330512e-03 3.263834977941781120e-03
2.425061641274004920e+00 4.005961892292405919e-04 1.296491141179244603e-03 3.234212636045964359e-03
2.484972288970843657e+00 3.997215513282041362e-04 1.311697728366086751e-03 3.228271076412911160e-03
2.546363016862909667e+00 4.018761433272029834e-04 1.316652253148779903e-03 3.232022520959299764e-03
2.609270390026170006e+00 4.060113286137360619e-04 1.330745302751913531e-03 3.254986321263970365e-03
2.673731876869256396e+00 3.998551788011390010e-04 1.332579258732675010e-03 3.207859293921021173e-03
2.739785871450098664e+00 3.922317871122690727e-04 1.317579774551203052e-03 3.183624891621154862e-03
2.807471716343918011e+00 3.898260067252980166e-04 1.306578101001759770e-03 3.209206441758106262e-03
2.876829726076139515e+00 3.951131656481443404e-04 1.318138182037328953e-03 3.181102865024522386e-03
2.947901211134224209e+00 3.982130582438939918e-04 1.320178118790978549e-03 3.204725380257817703e-03
3.020728502572707086e+00 3.947824859420632701e-04 1.320818072396626533e-03 3.203841699613481538e-03
3.095354977226092430e+00 3.937824412099485863e-04 1.325299639395528112e-03 3.247818342367621205e-03
3.171825083544637547e+00 4.038484764558502508e-04 1.338212643492597831e-03 3.208064995961564143e-03
3.250184368068394836e+00 4.131253260375494156e-04 1.343272326039109078e-03 3.204380923411129841e-03
3.330479502555294236e+00 4.080163345815846377e-04 1.344343010433250198e-03 3.249130463505760496e-03
3.412758311779421572e+00 3.999398809630877244e-04 1.339916954977332262e-03 3.219486277643092680e-03
3.497069802016041784e+00 4.055431762748545931e-04 1.345371048005809984e-03 3.153380787910658924e-03
3.583464190230342794e+00 4.138238051062482830e-04 1.342273291623837005e-03 3.147390884728139184e-03
3.671992933987281216e+00 4.164610982816370835e-04 1.350629288939070695e-03 3.137506679197156825e-03
3.762708762100343662e+00 4.055678463342904795e-04 1.341179605836848856e-03 3.161560793152015311e-03
3.855665706037477491e+00 4.064438950154488912e-04 1.350342040485783164e-03 3.210989615033387531e-03
3.950919132102903575e+00 4.179534550856281862e-04 1.356928321097865828e-03 3.288787058980804229e-03
4.048525774413969103e+00 4.279853862940637154e-04 1.373034167021491879e-03 3.310697819084211079e-03
4.148543768692692701e+00 4.194980460779264416e-04 1.378684272665915483e-03 3.257184677695158879e-03
4.251032686892105339e+00 4.037598895405353694e-04 1.369947894453447555e-03 3.231168734377221335e-03
4.356053572678060704e+00 4.047617821221372470e-04 1.369272937945474914e-03 3.187168126788467951e-03
4.463668977787585312e+00 4.186719565170570379e-04 1.379322903245249962e-03 3.232899566972782541e-03
4.573942999285467437e+00 4.197335357891628614e-04 1.384520946813054369e-03 3.248880840689327178e-03
4.686941317741262658e+00 4.059231170259605735e-04 1.372057622714637978e-03 3.272029430439854416e-03
4.802731236349449873e+00 4.029662961024056602e-04 1.366112349398707288e-03 3.275647392986525720e-03
4.921381721016047095e+00 4.189125124619065316e-04 1.373117503321147435e-03 3.252461314775309878e-03
5.042963441435556859e+00 4.292520602625076874e-04 1.370042852997657885e-03 3.229405446167190295e-03
5.167548813182710532e+00 4.194564739040095849e-04 1.367898960740973309e-03 3.228851569442402550e-03
5.295212040844075041e+00 4.000203323887972675e-04 1.355018798031054584e-03 3.234662927777940105e-03
5.426029162215227686e+00 3.992033028753903421e-04 1.351965377358825505e-03 3.241215633634661215e-03
5.560078093589800652e+00 4.192637674057682860e-04 1.352871032376431245e-03 3.237903482878333548e-03
5.697438676167393190e+00 4.243183445053877304e-04 1.352561727441997218e-03 3.243330719753135562e-03
5.838192723607971146e+00 4.049072531738858046e-04 1.354713597859300489e-03 3.302141814125184125e-03
5.982424070761099166e+00 3.955033411683269991e-04 1.351309502977620031e-03 3.296154258742736362e-03
6.130218623599007266e+00 4.168137241118882166e-04 1.368847033484645904e-03 3.352247634516146262e-03
6.281664410383254626e+00 4.307402077735243370e-04 1.373925218671753247e-03 3.340414195520574007e-03
6.436851634095445363e+00 4.173978882799497738e-04 1.363440078441769624e-03 3.322739317229234535e-03
6.595872726163246824e+00 3.915416693626356560e-04 1.357706509063088748e-03 3.312054984099348492e-03
6.758822401513666200e+00 3.910608286747770590e-04 1.352834331982560607e-03 3.348613389916328242e-03
6.925797714986464904e+00 4.149988376190779662e-04 1.365673394625972498e-03 3.397942808442246457e-03
7.096898119141198613e+00 4.216594970917479277e-04 1.381083033172766580e-03 3.402281023841189928e-03
7.272225523492395816e+00 4.006725893526749812e-04 1.383050714933117082e-03 3.403578706282008558e-03
7.451884355208123090e+00 3.932113821935064707e-04 1.381778935326133991e-03 3.447463951791900939e-03
7.635981621308095768e+00 4.208928859526248154e-04 1.389701681066570892e-03 3.444585761136817210e-03
7.824626972398384339e+00 4.365921932616854332e-04 1.396370070731143675e-03 3.441843150525619732e-03
8.017932767980664011e+00 4.215855816644170271e-04 1.398074379494429606e-03 3.435809491429582963e-03
8.216014143374929191e+00 3.940029493167664315e-04 1.377733860527899281e-03 3.423806660364269935e-03
8.418989078295506800e+00 3.933853387316377389e-04 1.381255542852929128e-03 3.424418017007040127e-03
8.626978467121233507e+00 4.192177200996882063e-04 1.375903784263252799e-03 3.434153217707963755e-03
8.840106190901643402e+00 4.288666052896892168e-04 1.373103643489513711e-03 3.467853632674061919e-03
9.058499191142049156e+00 4.054382439191581361e-04 1.385370964593262821e-03 3.464102870150191204e-03
9.282287545411469054e+00 3.973878244048628119e-04 1.380770474168608371e-03 3.491999066455646079e-03
9.511604544818441198e+00 4.254262169203895986e-04 1.392373199486505574e-03 3.483714017148735725e-03
9.746586773400844450e+00 4.433322569898365327e-04 1.406376511380928035e-03 3.462546689793866064e-03
9.987374189477048247e+00 4.254106362140126600e-04 1.392450870830540212e-03 3.473394996173410996e-03
1.023411020900682011e+01 3.956498191847481177e-04 1.377833956845268566e-03 3.497771974774585048e-03
1.048694179101160628e+01 3.903405802701243564e-04 1.366583491516204681e-03 3.441824702220248108e-03
1.074601952510519531e+01 4.203361605731567628e-04 1.365240944822617916e-03 3.451323563896809520e-03
1.101149772118672132e+01 4.326551772917209605e-04 1.363906266652823319e-03 3.506569180508535381e-03
1.128353450134954805e+01 4.037922226139872882e-04 1.351589196419600465e-03 3.489392585065016848e-03
1.156229189406074553e+01 3.892045648142417459e-04 1.369499797641079205e-03 3.491028670652121264e-03
1.184793593066724249e+01 4.214307722819602602e-04 1.374256322759307911e-03 3.463329619171475176e-03
1.214063674428615869e+01 4.372360158291835851e-04 1.384013328787914773e-03 3.422147369485907097e-03
1.244056867113817333e+01 4.207732518015670016e-04 1.370685554462864036e-03 3.408808892588263001e-03
1.274791035438435038e+01 3.904543981121579715e-04 1.358239265829427932e-03 3.424037469036854062e-03
1.306284485052819733e+01 3.860003654826478395e-04 1.347601300565970037e-03 3.410730254449057149e-03
1.338555973844639446e+01 4.138291820722705613e-04 1.346341185510711424e-03 3.407341729957834124e-03
1.371624723111307631e+01 4.265641149217656164e-04 1.353517450195991859e-03 3.412484193333379604e-03
1.405510429008426598e+01 3.945982214187480474e-04 1.332298825638790398e-03 3.347077582913279663e-03
1.440233274281060361e+01 3.834360796987276720e-04 1.332032330154817468e-03 3.276365319702074543e-03
1.475813940284827197e+01 4.120149666639403435e-04 1.354161425859509976e-03 3.251047374996685578e-03
1.512273619303970840e+01 4.264077288592191392e-04 1.346144411759600664e-03 3.197720648762321892e-03
1.549634027173745920e+01 4.117167567276387892e-04 1.329468905413706565e-03 3.155563940638405392e-03
1.587917416214640731e+01 3.835459536722258264e-04 1.315927327189730543e-03 3.146318707036450599e-03
1.627146588486126433e+01 3.775678941224685950e-04 1.302160010894901207e-03 3.113106215575507998e-03
1.667344909367855621e+01 4.009246963644769722e-04 1.311373362701105487e-03 3.097657023718437992e-03
1.708536321476364961e+01 4.159947827660910287e-04 1.311916139675104159e-03 3.092258125844451686e-03
1.750745358925593820e+01 3.891149633313775876e-04 1.292384679013885637e-03 3.074158227725870291e-03
1.793997161939707397e+01 3.792048410952170308e-04 1.293175172429865882e-03 3.082634775543094483e-03
1.838317491826924055e+01 4.053880838446032595e-04 1.303703590507540458e-03 3.015067815139006822e-03
1.883732746323267193e+01 4.213396688018444304e-04 1.303565634596479551e-03 3.082334173340082681e-03
1.930269975315385977e+01 4.110128081406760024e-04 1.292424210838419123e-03 3.055007973984909427e-03
1.977956896951799592e+01 3.899779951120530995e-04 1.289321690637594596e-03 3.057277181461340049e-03
2.026821914152169413e+01 3.823324947133038354e-04 1.289101481742746568e-03 2.992363402170422453e-03
2.076894131524429810e+01 4.007357779891468916e-04 1.307438443948690269e-03 3.003026128505494659e-03
2.128203372699851670e+01 4.178868670915058723e-04 1.317359084835162050e-03 3.059679660431764876e-03
2.180780198096364586e+01 3.962089773411246415e-04 1.310077414227900014e-03 3.053331844469325471e-03
2.234655923120721255e+01 3.930978039436553752e-04 1.305667570634028683e-03 3.021863553494708900e-03
2.289862636820339148e+01 4.170081709194218612e-04 1.319826568655923637e-03 3.002582707024484699e-03
2.346433220995934121e+01 4.336944504897133346e-04 1.333413539762146743e-03 2.994956270441990857e-03
2.404401369786327081e+01 4.283234442234855636e-04 1.329415721066977635e-03 3.022754956273788346e-03
2.463801609737091880e+01 4.104237343938667206e-04 1.324859751654436889e-03 3.042664678956700803e-03
2.524669320364981928e+01 4.006655267334869328e-04 1.325330065974991960e-03 3.060072050436835316e-03
2.587040755230423983e+01 4.120694778953254596e-04 1.339400984598507031e-03 3.096089910227703759e-03
2.650953063530574738e+01 4.279496635263392926e-04 1.361262596709159316e-03 3.149665333373932903e-03
2.716444312225844726e+01 4.203185387679766126e-04 1.365463609788755651e-03 3.197919052385683920e-03
2.783553508713050917e+01 4.218276739924471923e-04 1.367930596943833397e-03 3.232443367519083084e-03
2.852320624058703302e+01 4.387757969716814927e-04 1.379314692277011298e-03 3.240481696743021701e-03
2.922786616806266835e+01 4.489580959491958068e-04 1.396049339660841888e-03 3.279182354560021811e-03
2.994993457371574408e+01 4.501929510029266650e-04 1.404321759763824812e-03 3.314075040339728613e-03
3.068984153040926799e+01 4.428614451499956008e-04 1.425429206865869462e-03 3.350845701565761947e-03
3.144802773586762967e+01 4.392451459522013881e-04 1.445918685965670364e-03 3.389580066912467864e-03
3.222494477516159606e+01 4.427031782279094475e-04 1.465539817749179213e-03 3.429131571509867835e-03
3.302105538967799703e+01 4.487208666326830426e-04 1.478560950736505656e-03 3.489292316510058788e-03
3.383683375273415805e+01 4.630414812873220897e-04 1.508718056526248564e-03 3.550847941234560549e-03
3.467276575200143185e+01 5.088009640662239947e-04 1.546690218078523426e-03 3.598002821411600948e-03
3.552934927890587602e+01 5.631316721324291672e-04 1.597291700147251189e-03 3.687530934247834971e-03
3.640709452517855027e+01 6.050111062330061412e-04 1.652794902383591643e-03 3.776745212297999681e-03
3.730652428673199239e+01 6.229865670356637183e-04 1.685395787896877854e-03 3.864166735748845137e-03
3.822817427504394772e+01 6.119073029939034805e-04 1.696489928337234152e-03 3.984439318958904637e-03
3.917259343623376822e+01 5.747981407839327511e-04 1.709808509793725624e-03 4.021302419716726688e-03
4.014034427802135241e+01 5.346993797761466450e-04 1.715274629788363309e-03 4.037271838751740199e-03
4.113200320476391880e+01 5.346382855990869550e-04 1.756994457021310557e-03 4.100459626404978977e-03
4.214816086076942270e+01 6.182484589419021213e-04 1.837285268122119692e-03 4.158015660645416993e-03
4.318942248209162216e+01 7.771976474555486805e-04 1.978571599683049027e-03 4.275471471056452831e-03
4.425640825701616166e+01 9.832918241252698328e-04 2.213803965164787366e-03 4.387526714487155304e-03
4.534975369545237101e+01 1.198943770610390444e-03 2.516748414657382291e-03 4.588497844018937614e-03
4.647011000745082043e+01 1.395857249700632047e-03 2.833642200628598302e-03 4.785135812322629557e-03
4.761814449107207992e+01 1.534442947513166896e-03 3.055020060581514936e-03 5.013243254386072663e-03
4.879454092983766600e+01 1.562047105355938818e-03 3.119638274260848072e-03 5.115525266243623609e-03
4.999999999999999289e+01 1.418224369643458034e-03 2.914480302412908626e-03 5.095676868525338826e-03
