1.000000000000000048e-04 1.415133263681347866e-04 3.616040213949206278e-04 5.973499896616234336e-04
1.026012337752051697e-04 1.394962797220444849e-04 3.560658491688795005e-04 5.900059155783010005e-04
1.052701317219430048e-04 1.378051553204119541e-04 3.515518496901173882e-04 5.806389730081338825e-04
1.080084539434971174e-04 1.359942006615597011e-04 3.450085766168085552e-04 5.694252965239558111e-04
1.108180063275523010e-04 1.341315878779528951e-04 3.408263441475923336e-04 5.592085404870155525e-04
1.137006417371535827e-04 1.327463041788341043e-04 3.367578489618660588e-04 5.476857984422020152e-04
1.166582612326453992e-04 1.311446442643707515e-04 3.325805441847476287e-04 5.427102194968196590e-04
1.196928153253960428e-04 1.293045472161406535e-04 3.298709113048316839e-04 5.418443571183944110e-04
1.228063052641341910e-04 1.278818348105623841e-04 3.266221780075151859e-04 5.366640316083746195e-04
1.260007843547463814e-04 1.262657996818919925e-04 3.234709480618509943e-04 5.336262014313144890e-04
1.292783593144054908e-04 1.249382608169739774e-04 3.198185428348991350e-04 5.301877865499057168e-04
1.326411916609228836e-04 1.235410347064451713e-04 3.172161154557698293e-04 5.268095338120478864e-04
1.360914991382413948e-04 1.218050010130554607e-04 3.145554220213479888e-04 5.214677010401352984e-04
1.396315571790083675e-04 1.205636847015271291e-04 3.114257678940482010e-04 5.215972145066835207e-04
1.432637004051936689e-04 1.194199952775723561e-04 3.084137699001182164e-04 5.148329517624771054e-04
1.469903241677422646e-04 1.181284949705199385e-04 3.063827197183430912e-04 5.109061457383094317e-04
1.508138861262771401e-04 1.171912505654069747e-04 3.040707606407945800e-04 5.095700219685726741e-04
1.547369078698932669e-04 1.165090109761483404e-04 3.033361204482091025e-04 5.087045739371039111e-04
1.587619765801130212e-04 1.158978913159512810e-04 2.994853060106879772e-04 5.024097004092401486e-04
1.628917467370982319e-04 1.150488116925358034e-04 2.980509807999516254e-04 5.023989249568286148e-04
1.671289418702452928e-04 1.146992313926133839e-04 2.969999886931115867e-04 5.013429609551267770e-04
1.714763563543170903e-04 1.143686502975876023e-04 2.964278962169127345e-04 4.975953685594797921e-04
1.759368572522967272e-04 1.143450831126742445e-04 2.961471206001465369e-04 4.957713169966383509e-04
1.805133862061779706e-04 1.139714066722450974e-04 2.969943273009994231e-04 4.919656277666601850e-04
1.852089613769395836e-04 1.141907555421291210e-04 2.964728419661018092e-04 4.914301600472501409e-04
1.900266794349832233e-04 1.137621886960042694e-04 2.961860690615567525e-04 4.944295366765658235e-04
1.949697176023468443e-04 1.136693263597464366e-04 2.975400617091116169e-04 4.959801983084393632e-04
2.000413357480411902e-04 1.133989626330254846e-04 2.965767899231878425e-04 4.977376026315932225e-04
2.052448785378907807e-04 1.133451801403712272e-04 2.964580845838877318e-04 4.982798007095067460e-04
2.105837776402972076e-04 1.130937109120001355e-04 2.987910449733066740e-04 4.986815447480785193e-04
2.160615539893794934e-04 1.133403973798838906e-04 2.988117179622689647e-04 4.987395387771281600e-04
2.216818201069844054e-04 1.136610955469642968e-04 2.984427180895457251e-04 4.995488172409018454e-04
2.274482824850968324e-04 1.138545512898897673e-04 2.988784310049147352e-04 5.037168217031143778e-04
2.333647440302231578e-04 1.146818514273552640e-04 2.995119960499481680e-04 5.044668397715903379e-04
2.394351065713584009e-04 1.149036571495050402e-04 2.993585001490033245e-04 5.040890180201738858e-04
2.456633734331910767e-04 1.153874230244303703e-04 3.010936356501533887e-04 5.112715612739477744e-04
2.520536520762436082e-04 1.160555916272647427e-04 3.021636655626315244e-04 5.100490900063667753e-04
2.586101568056889226e-04 1.162306244386467085e-04 3.054559707436942453e-04 5.157901311398088847e-04
2.653372115506295371e-04 1.166936857504284494e-04 3.061444067794848265e-04 5.235834813352458492e-04
2.722392527156720313e-04 1.168302619999996353e-04 3.069566542420763063e-04 5.277470888486281760e-04
2.793208321066782684e-04 1.174679192345744373e-04 3.095981817490837322e-04 5.258470274409572437e-04
2.865866199326212661e-04 1.182949759300120046e-04 3.103375606811578538e-04 5.277231653347314901e-04
2.940414078855274767e-04 1.190415902707262597e-04 3.134155907791660325e-04 5.322208118777385644e-04
3.016901123005345060e-04 1.196174824434941610e-04 3.165042044395462422e-04 5.354992854938460563e-04
3.095377773981503847e-04 1.203923821998547950e-04 3.181005791148784276e-04 5.387828624516917886e-04
3.175895786108503789e-04 1.207259219902351966e-04 3.208791271117325864e-04 5.435539628689752033e-04
3.258508259962076084e-04 1.211345318184414265e-04 3.217328760549679101e-04 5.512939680182304698e-04
3.343269677388059440e-04 1.211770690874579585e-04 3.225346765956923676e-04 5.495585151021073565e-04
3.430235937432470311e-04 1.212656575604758083e-04 3.227817686784807422e-04 5.473079004613177296e-04
3.519464393206188455e-04 1.220985719845757878e-04 3.228494772545744546e-04 5.435551364053341130e-04
3.611013889708587343e-04 1.218521332728717406e-04 3.236017507138687485e-04 5.470827687174245179e-04
3.704944802635036288e-04 1.220218935484033762e-04 3.253777842103393650e-04 5.493232211871247129e-04
3.801319078193886964e-04 1.225743354029661385e-04 3.286999074572443899e-04 5.526841472310714196e-04
3.900200273959183615e-04 1.233284859127159027e-04 3.291755223031483956e-04 5.513199400904319168e-04
4.001653600786054025e-04 1.236846759705995536e-04 3.320181081967670889e-04 5.569941100974137166e-04
4.105745965816414312e-04 1.240881747791220378e-04 3.334020952611938481e-04 5.586487822036677450e-04
4.212546016603354064e-04 1.245143657566769198e-04 3.350276746155823123e-04 5.601898514724522240e-04
4.322124186383299090e-04 1.250520827920858580e-04 3.350127980308934125e-04 5.665920128588644578e-04
4.434552740525813438e-04 1.256508310304479796e-04 3.349885156260421198e-04 5.681220500576284046e-04
4.549905824191656360e-04 1.261966067965130972e-04 3.340304485643543603e-04 5.628370329737638613e-04
4.668259511230556710e-04 1.272368446626444066e-04 3.362077710118536338e-04 5.668690643474697454e-04
4.789691854350912608e-04 1.275938225158813151e-04 3.395595206501135911e-04 5.780127917488450152e-04
4.914282936594538756e-04 1.277840074039066521e-04 3.393630152372158638e-04 5.778657293479430405e-04
5.042114924150379587e-04 1.275238495096681687e-04 3.397363219542432009e-04 5.840535028067402133e-04
5.173272120542039918e-04 1.274067248858943039e-04 3.397131545133510121e-04 5.825590066264386187e-04
5.307841022224851074e-04 1.276566071957929119e-04 3.399292971172570578e-04 5.787271172850366263e-04
5.445910375629157540e-04 1.276381076405077946e-04 3.391124109039507593e-04 5.780907020828113382e-04
5.587571235687426984e-04 1.276965588964625628e-04 3.383480977876483472e-04 5.729552662697839915e-04
5.732917025883776376e-04 1.277850170174791113e-04 3.368224162864547652e-04 5.691206054542711362e-04
5.882043599865552624e-04 1.275062242479404974e-04 3.370337034990862255e-04 5.636061086643801444e-04
6.035049304657547249e-04 1.273515311377671443e-04 3.390242421674323188e-04 5.579183347960173190e-04
6.192035045520583644e-04 1.271074223590845838e-04 3.384901446318801417e-04 5.578022317968350189e-04
6.353104352497204212e-04 1.272562634710329573e-04 3.372528127330970925e-04 5.517730420708223888e-04
6.518363448688391454e-04 1.272839930763587841e-04 3.372856203639634808e-04 5.437658847181573319e-04
6.687921320306301114e-04 1.271829947737564679e-04 3.361851713827908469e-04 5.464669440979387244e-04
6.861889788549255112e-04 1.272589692007205413e-04 3.354223184518531457e-04 5.452889642094691045e-04
7.040383583346351143e-04 1.265207593950268977e-04 3.354068577044751589e-04 5.467637896714991124e-04
7.223520419020357675e-04 1.264915985954959577e-04 3.339712318927439577e-04 5.463439454990362933e-04
7.411421071918754657e-04 1.257522196549823521e-04 3.340326604059241228e-04 5.487335635354232202e-04
7.604209460064176654e-04 1.254700329263107696e-04 3.334295783861565641e-04 5.512276083088328300e-04
7.802012724876715389e-04 1.246677738985359034e-04 3.310767616076155961e-04 5.516953035989880134e-04
8.004961315022009888e-04 1.241007412992636806e-04 3.314883297991526767e-04 5.535871420130217008e-04
8.213189072440469501e-04 1.235285892722543649e-04 3.298630315493122174e-04 5.508924004439780904e-04
8.426833320614249018e-04 1.228438223684097819e-04 3.290884033189038320e-04 5.490591003311536119e-04
8.646034955130311355e-04 1.225954721324414335e-04 3.306367128347085615e-04 5.450940703412267491e-04
8.870938536599205695e-04 1.219933630386891806e-04 3.313872280330555360e-04 5.418930802015682570e-04
9.101692385990912829e-04 1.218222944251889413e-04 3.304254492729979498e-04 5.430836132126587966e-04
9.338448682450581784e-04 1.216198081822482451e-04 3.287502444160064177e-04 5.459461381772107288e-04
9.581363563658691629e-04 1.210550649398485956e-04 3.275049634201052497e-04 5.409367473462781779e-04
9.830597228801779119e-04 1.205151520641312325e-04 3.263775272408542564e-04 5.348086545598547837e-04
1.008631404422175287e-03 1.205303328395340912e-04 3.244563587837829416e-04 5.340210487148436573e-04
1.034868265181330873e-03 1.199681732695311969e-04 3.216176437605662380e-04 5.280796778960156722e-04
1.061787608024107642e-03 1.196162291950239771e-04 3.210077197866700437e-04 5.270882875818484097e-04
1.089407185904973626e-03 1.197174075981443156e-04 3.207505692397833656e-04 5.214312450208271298e-04
1.117745213574245595e-03 1.189426625624435496e-04 3.183079559462729190e-04 5.208764829589949312e-04
1.146820379590477975e-03 1.181914154615185483e-04 3.160600894585880588e-04 5.157212380767267536e-04
1.176651858645321857e-03 1.171812298717049653e-04 3.129985028491719026e-04 5.156085981772531466e-04
1.207259324208982817e-03 1.164819584432446762e-04 3.113959494037254051e-04 5.131049624843330229e-04
1.238662961504620246e-03 1.162561333217204912e-04 3.087544860155095813e-04 5.095427665737575773e-04
1.270883480820235402e-03 1.155397324380387470e-04 3.076267804261447413e-04 5.098574805447400214e-04
1.303942131166834330e-03 1.155620522435969836e-04 3.072069971841906617e-04 5.033743493288417954e-04
1.337860714291875608e-03 1.154840405164428424e-04 3.064587200568297666e-04 4.998739336057254597e-04
1.372661599057236606e-03 1.151611454450596325e-04 3.052723058008930583e-04 4.977715682069119027e-04
1.408367736191185266e-03 1.152732513129961218e-04 3.059600146390352958e-04 5.022530225929125978e-04
1.445002673424082475e-03 1.147280118947026335e-04 3.045311303966124821e-04 4.952062750208897305e-04
1.482590571017806816e-03 1.144971733907608540e-04 3.036232296809571315e-04 4.925797014805075123e-04
1.521156217699128977e-03 1.147429511876497834e-04 3.032278581923720270e-04 4.921459755321284241e-04
1.560725047007552584e-03 1.148596810793935861e-04 3.013580297055122440e-04 4.948456978136895864e-04
1.601323154068399297e-03 1.146468979794496826e-04 3.009791295942476522e-04 4.896835894470663326e-04
1.642977312802206772e-03 1.149886226217131427e-04 2.999271172020610073e-04 4.913645167032666466e-04
1.685714993581775714e-03 1.151365209539907919e-04 3.017090452162233920e-04 4.923656158665773875e-04
1.729564381348522913e-03 1.150392724710744513e-04 3.009135695065376153e-04 4.975352201916175563e-04
1.774554394200078631e-03 1.146408651518406708e-04 3.011685370724514945e-04 4.933839836592556274e-04
1.820714702461398264e-03 1.152557422453512619e-04 2.997554903999359024e-04 4.929042450416785265e-04
1.868075748251949624e-03 1.156314286270342204e-04 3.014563699902078186e-04 4.968198932979691392e-04
1.916668765561896489e-03 1.159123378816266734e-04 3.009384257856449665e-04 4.991426380353005364e-04
1.966525800850499849e-03 1.158265619010099456e-04 3.014798971514532299e-04 4.980868431714579074e-04
2.017679734180346813e-03 1.165002467062475796e-04 3.019740203722290697e-04 5.000481752810801307e-04
2.070164300901315355e-03 1.170426058804428982e-04 3.020843404330503376e-04 4.994189754894614057e-04
2.124014113898601078e-03 1.172321475569351002e-04 3.041282902655950606e-04 5.058698299247463758e-04
2.179264686419455331e-03 1.174093653020726762e-04 3.042222788282071479e-04 5.125994989365911282e-04
2.235952455493716781e-03 1.182964352065765673e-04 3.037652831404151965e-04 5.151874056664530787e-04
2.294114805963548380e-03 1.185073637120781780e-04 3.047120048543588912e-04 5.190969404091733087e-04
2.353790095138255049e-03 1.186401309874876640e-04 3.056936363149484340e-04 5.255645607137250826e-04
2.415017678090424728e-03 1.191345792278702997e-04 3.078429316619190107e-04 5.277180349855229878e-04
2.477837933610087771e-03 1.187516405995050030e-04 3.076404619168303899e-04 5.244394252095068440e-04
2.542292290833998627e-03 1.195372616741703463e-04 3.079007629284525671e-04 5.277122560930747573e-04
2.608423256567610378e-03 1.210777537231527045e-04 3.117454496287670436e-04 5.296824675315504362e-04
2.676274443317752921e-03 1.205371888396724705e-04 3.130675458201611933e-04 5.348486251192900850e-04
2.745890598054517764e-03 1.204555102940565607e-04 3.122565910923356816e-04 5.281086864442529000e-04
2.817317631721295672e-03 1.200996908960252489e-04 3.113925774952998608e-04 5.288698567731683160e-04
2.890602649512439854e-03 1.200434471164100065e-04 3.111045080098564933e-04 5.241847935861345450e-04
2.965793981938532210e-03 1.195275291565367129e-04 3.089335748460307531e-04 5.234662951617426955e-04
3.042941216699718461e-03 1.186859231538559906e-04 3.076732085222942193e-04 5.221905482028744386e-04
3.122095231388152207e-03 1.182488919457706165e-04 3.058560791150610942e-04 5.220584786616053012e-04
3.203308227041089685e-03 1.183970550179310052e-04 3.072586569860349427e-04 5.184635202208547154e-04
3.286633762566807618e-03 1.179701145919123586e-04 3.038971401595595440e-04 5.166203613549690292e-04
3.372126790065990525e-03 1.180332388421280682e-04 3.026095249354245715e-04 5.151049466174227468e-04
3.459843691071929489e-03 1.181906021407452291e-04 3.016805588730357116e-04 5.125334986817179023e-04
3.549842313733397436e-03 1.180158166437334454e-04 3.031181286792363275e-04 5.117993321539650959e-04
3.642182010964754163e-03 1.177607907605127043e-04 3.022882334604235226e-04 5.069315222750341628e-04
3.736923679588415124e-03 1.176357057634327296e-04 3.016730324183601749e-04 5.004269598770700765e-04
3.834129800495510079e-03 1.180356096063579508e-04 3.019840657799893529e-04 4.943604296386876944e-04
3.933864479851204368e-03 1.179339029030060344e-04 3.010897163037878671e-04 4.971582999228322695e-04
4.036193491371892379e-03 1.181834661032350319e-04 3.003573048207584893e-04 4.980067998726611092e-04
4.141184319702090333e-03 1.179830190214825077e-04 3.007569394652880122e-04 4.947500446617439937e-04
4.248906204919682128e-03 1.176441272579087198e-04 3.001097228523140936e-04 4.920152558203907478e-04
4.359430188198839401e-03 1.168341585783480303e-04 2.993325080585700136e-04 4.921409180659245663e-04
4.472829158660756622e-03 1.163802963915296806e-04 3.006056520582499098e-04 4.984008420182180340e-04
4.589177901443065866e-03 1.154642802080930341e-04 3.009306096157149304e-04 4.953777263126881315e-04
4.708553147019655001e-03 1.154391667189341670e-04 3.017971633832035295e-04 4.969190408775613901e-04
4.831033621803414516e-03 1.154738842645960321e-04 3.011734037992862289e-04 4.947473013770741466e-04
4.956700100065281230e-03 1.159908002741572236e-04 3.001478457748946302e-04 4.942508591907387441e-04
5.085635457203806740e-03 1.158941437286843755e-04 3.021034220472488922e-04 4.953781993586798323e-04
5.217924724400403030e-03 1.156069091802453084e-04 2.997659836927795904e-04 4.962481567238745698e-04
5.353655144696285902e-03 1.152706433578527497e-04 2.989529730093983743e-04 4.980801845388670721e-04
5.492916230528134373e-03 1.154202940854738037e-04 3.014778629538881712e-04 4.982044350782763873e-04
5.635799822760356736e-03 1.150347156900141123e-04 3.025864018046959397e-04 5.031981055667829111e-04
5.782400151252951176e-03 1.153034355224465205e-04 3.032202475203007921e-04 5.053041913231754410e-04
5.932813897004857000e-03 1.159396569280949323e-04 3.029465718318737999e-04 5.078702114129851012e-04
6.087140255913816612e-03 1.167312968927372195e-04 3.030578173299356337e-04 5.146225173211564597e-04
6.245481004194756297e-03 1.171739531493471532e-04 3.042531881543400246e-04 5.191271064892098979e-04
6.407940565499890828e-03 1.175195062909018462e-04 3.060566123999205676e-04 5.192581588025499753e-04
6.574626079784745732e-03 1.179119662256187509e-04 3.077119312985659430e-04 5.176563619001711995e-04
6.745647473965552150e-03 1.180976763948801196e-04 3.077977014692949301e-04 5.211183146672964447e-04
6.921117534414617661e-03 1.184946734367089662e-04 3.098881470814866096e-04 5.203070898424260512e-04
7.101151981341456872e-03 1.184077258600797989e-04 3.094554683587202805e-04 5.213242807394448050e-04
7.285869545108765791e-03 1.182021862672845056e-04 3.099900465820675812e-04 5.219682659014519398e-04
7.475392044533520075e-03 1.190786251854347944e-04 3.112659996742191864e-04 5.212085195297558055e-04
7.669844467224923995e-03 1.189757918727670844e-04 3.100567321494333253e-04 5.275064742913406456e-04
7.869355052012081894e-03 1.195001843046647146e-04 3.094183988362865859e-04 5.272329306876011876e-04
8.074055373515832967e-03 1.195686117378382462e-04 3.097752751775059796e-04 5.279700035734479630e-04
8.284080428920492095e-03 1.198545396462373183e-04 3.105084627710518689e-04 5.258583808848213284e-04
8.499568727002733068e-03 1.200023470115642662e-04 3.080400905537213530e-04 5.284330740914767966e-04
8.720662379476301629e-03 1.206645260301393645e-04 3.085551894953166441e-04 5.278989853046613806e-04
8.947507194712853856e-03 1.211883752852113602e-04 3.080907580944228078e-04 5.254822545667402678e-04
9.180252773900636140e-03 1.213732152528840442e-04 3.094528802239575696e-04 5.240941987347337615e-04
9.419052609704547940e-03 1.221100751062736663e-04 3.102954381769228425e-04 5.209216131724105601e-04
9.664064187492524965e-03 1.221333650428775358e-04 3.125496227296516638e-04 5.224062640560739887e-04
9.915449089195083401e-03 1.232901148365675220e-04 3.146017161219832924e-04 5.204396331879017779e-04
1.017337309986649646e-02 1.235467230866872732e-04 3.160684476211450349e-04 5.218709847366930291e-04
1.043800631701785782e-02 1.236435071195354329e-04 3.169127600021340112e-04 5.180007668599480612e-04
1.070952326279417388e-02 1.239621678431788933e-04 3.200560576390164302e-04 5.170429953731476213e-04
1.098810299906943788e-02 1.239418259133427333e-04 3.195513788062400145e-04 5.209829508457629321e-04
1.127392924553556088e-02 1.244821130804336397e-04 3.212535647047962389e-04 5.314991131022421458e-04
1.156719050086316321e-02 1.253984099086897629e-04 3.222368509650073857e-04 5.386438676717683095e-04
1.186808016701393700e-02 1.265796130447883637e-04 3.246108346528845377e-04 5.416821738640396292e-04
1.217679667678672577e-02 1.277328690456599005e-04 3.280673471800202214e-04 5.466184235532181232e-04
1.249354362468136151e-02 1.295116885080219854e-04 3.307828455635064796e-04 5.464230214601802950e-04
1.281852990116656016e-02 1.302172496761191251e-04 3.320719462591168792e-04 5.559104761637852221e-04
1.315196983044047627e-02 1.323931363450755203e-04 3.340748027689519127e-04 5.628010528174332960e-04
1.349408331177469333e-02 1.337358288606718898e-04 3.399041703653018663e-04 5.625233196431118866e-04
1.384509596453490157e-02 1.358561468001638574e-04 3.454365269754881666e-04 5.760909876701083730e-04
1.420523927697394696e-02 1.378975035138433019e-04 3.483927279688869881e-04 5.866931642680840546e-04
1.457475075889529993e-02 1.402704732790091200e-04 3.518779946825316592e-04 5.834963604457540530e-04
1.495387409828765127e-02 1.429661517817268758e-04 3.540257297844843077e-04 5.817505858446572016e-04
1.534285932203396582e-02 1.455309660680908915e-04 3.600270887332760578e-04 5.896366035751475889e-04
1.574196296080092317e-02 1.475801655808342203e-04 3.649143508156912040e-04 5.870178800522972114e-04
1.615144821821757476e-02 1.491622481756324622e-04 3.683223183334888838e-04 5.956528482326883074e-04
1.657158514445462166e-02 1.503122636501424557e-04 3.683892236058981199e-04 6.007381950803306536e-04
1.700265081431905079e-02 1.530307272417968836e-04 3.716579025785462544e-04 5.995269590482792338e-04
1.744492950998131203e-02 1.535408433514236324e-04 3.715399401177244942e-04 5.986677153782634557e-04
1.789871290845567245e-02 1.555604702234630941e-04 3.762238348090379977e-04 5.947003785673814170e-04
1.836430027395742973e-02 1.577206717132480132e-04 3.794736988948067911e-04 5.948975064721502906e-04
1.884199865526369963e-02 1.582244251152871244e-04 3.841275731004492621e-04 6.040390406647442581e-04
1.933212308820811756e-02 1.582267935672982447e-04 3.860736383050612742e-04 5.951090020023222689e-04
1.983499680344283367e-02 1.587385224583050367e-04 3.932322318512386527e-04 6.042523603936029823e-04
2.035095143960485159e-02 1.577161908749163152e-04 3.869779588085157018e-04 6.022740844285978754e-04
2.088032726202745243e-02 1.577863187641097092e-04 3.912869919164815359e-04 6.140716422211745656e-04
2.142347338714067906e-02 1.556629861121538354e-04 3.956449376892158336e-04 6.100604273496881315e-04
2.198074801270906778e-02 1.553797518151141558e-04 3.941722334422418077e-04 6.112937141779908922e-04
2.255251865405838788e-02 1.555736121139096855e-04 3.902069767376350920e-04 5.964532876227460851e-04
2.313916238644719500e-02 1.557094449302999018e-04 3.859722729936905300e-04 6.241747072105556515e-04
2.374106609374302540e-02 1.550556199741983613e-04 3.868028149913473046e-04 6.238405878963779183e-04
2.435862672356726641e-02 1.548462804955311406e-04 3.867501153442717810e-04 6.329952108999572407e-04
2.499225154907684654e-02 1.543834378387052219e-04 3.828340758500658938e-04 6.366715356287589063e-04
2.564235843755566582e-02 1.549312191424987687e-04 3.802203199247399272e-04 6.443495615150853038e-04
2.630937612599252781e-02 1.539165386025154604e-04 3.730998991236567129e-04 6.366000059205946049e-04
2.699374450382760124e-02 1.522485131834662453e-04 3.703295177251745510e-04 6.239555268013226557e-04
2.769591490305374493e-02 1.506125712147928604e-04 3.704453571076265724e-04 6.193909702450106809e-04
2.841635039586406022e-02 1.484025710861039773e-04 3.685441865669522089e-04 6.176709842535626181e-04
2.915552610004191678e-02 1.458349743295754488e-04 3.670038976855963990e-04 6.077954339373787098e-04
2.991392949229498485e-02 1.431438430259674018e-04 3.648152382959608136e-04 6.105188240654622423e-04
3.069206072973961613e-02 1.428547193310459392e-04 3.602247447410950455e-04 6.087214008714402110e-04
3.149043297974807309e-02 1.427668668149237752e-04 3.591444195706546840e-04 6.075068231401873665e-04
3.230957275837562093e-02 1.432353244440955791e-04 3.612018806828577082e-04 6.122972543193532652e-04
3.315002027759096637e-02 1.446893805577637515e-04 3.694267499868432014e-04 6.105058930682696287e-04
3.401232980153901658e-02 1.477145640804948404e-04 3.748521596376265855e-04 6.204215543553653379e-04
3.489707001207081882e-02 1.495120467930019287e-04 3.843551838054633783e-04 6.236047688934410376e-04
3.580482438378181781e-02 1.515024599048978569e-04 3.839563842154811212e-04 6.349984298021355130e-04
3.673619156880564979e-02 1.535137525055288964e-04 3.889882513776701952e-04 6.546890542244183236e-04
3.769178579161747838e-02 1.565873320437069526e-04 3.957552097868239477e-04 6.653331038002028566e-04
3.867223725410700447e-02 1.574252123865747084e-04 4.081420741890592029e-04 6.627785320891917608e-04
3.967819255118830435e-02 1.597587520549758277e-04 4.153033977130528710e-04 6.744841513812852626e-04
4.071031509722074920e-02 1.623980850888426958e-04 4.246667632703441482e-04 6.937615983695793499e-04
4.176928556352209332e-02 1.652269477174900226e-04 4.263327538848648776e-04 7.193795024853316894e-04
4.285580232726231287e-02 1.659111452605973919e-04 4.329635980075226460e-04 7.090708207951622105e-04
4.397058193203425697e-02 1.680344274638002346e-04 4.370241718784985169e-04 7.426394673217853433e-04
4.511435956040458356e-02 1.701654648110147454e-04 4.401281027829040122e-04 7.478800203418883592e-04
4.628788951875731361e-02 1.723212684482308406e-04 4.625363310409205241e-04 7.710682147224599435e-04
4.749194573474886660e-02 1.774947321509415363e-04 4.796581383799644366e-04 8.111551996563782715e-04
4.872732226770326580e-02 1.821139679140257805e-04 4.987548905618378317e-04 8.369126205846306532e-04
4.999483383228381372e-02 1.845042498567813904e-04 5.217587658835242314e-04 8.592639385127099055e-04
5.129531633578687105e-02 1.868392690560561394e-04 5.509392306804039964e-04 9.112712435792801827e-04
5.262962742941167810e-02 1.949759797541713029e-04 5.764856101269764553e-04 9.745615047782522737e-04
5.399864707387021234e-02 2.032495348657739772e-04 6.245291108759161653e-04 1.085810491359530524e-03
5.540327811970954808e-02 2.126803561821787524e-04 6.875462365282056926e-04 1.198192229128103910e-03
5.684444690273028622e-02 2.220482638415992294e-04 7.237975004006291183e-04 1.245797980331835118e-03
5.832310385489265087e-02 2.313524595487859235e-04 7.436713597158589898e-04 1.322061109615066832e-03
5.984022413111408922e-02 2.422435192442886026e-04 7.890393591251422273e-04 1.416512397544911249e-03
6.139680825237109341e-02 2.545167809748269503e-04 8.374457329037554012e-04 1.469705574581149990e-03
6.299388276552971011e-02 2.664457189249510661e-04 8.527627189806380112e-04 1.440624024439294930e-03
6.463250092033979988e-02 2.736758386304321048e-04 8.815668604820741262e-04 1.463136086330283931e-03
6.631374336403951519e-02 2.815762045430241357e-04 8.922383873013151013e-04 1.486819909889329147e-03
6.803871885402777708e-02 2.852955411896003208e-04 8.685572571999537706e-04 1.403581733571176993e-03
6.980856498907560270e-02 2.938382056194405699e-04 8.627136332631107647e-04 1.379564280574723618e-03
7.162444895955746849e-02 2.924492523301027401e-04 8.617073806998579990e-04 1.399486278896730496e-03
7.348756831719806260e-02 2.991497959747878364e-04 8.494591655738408789e-04 1.367348604385604498e-03
7.539915176484197901e-02 2.964942781864677419e-04 8.134858935019075206e-04 1.385697411034359731e-03
7.736045996676722825e-02 2.886451866057542035e-04 7.861896508547243541e-04 1.384924621595458967e-03
7.937278638007688736e-02 2.537602156104643339e-04 6.369546282126402337e-04 1.112615347717876152e-03
8.143745810771688132e-02 2.441631755936180285e-04 5.575202608770247776e-04 8.718352985917461129e-04
8.355583677368336182e-02 2.415599415124398660e-04 5.420534120466766409e-04 8.165568705545461683e-04
8.572931942099569491e-02 2.438921036503271470e-04 5.362505264886703116e-04 8.077076778415068388e-04
8.795933943302813862e-02 2.480470299361557597e-04 5.364323728843476292e-04 8.307115710348617933e-04
9.024736747880739152e-02 2.509535369127947088e-04 5.430093872363723128e-04 8.338205184198533605e-04
9.259491248289965226e-02 2.563223379581924268e-04 5.486117729166180334e-04 8.489784486183360717e-04
9.500352262052648433e-02 2.594689717849967686e-04 5.540068672452134763e-04 8.634867613707472708e-04
9.747478633856636321e-02 2.667846319385789385e-04 5.680199366472985780e-04 8.856669794893581252e-04
1.000103334031142016e-01 2.682208855784447266e-04 5.934181764917589950e-04 9.438797860260099122e-04
1.026118359742912711e-01 2.738875104199696930e-04 6.117956102385455064e-04 1.006000198624783671e-03
1.052810097090126490e-01 2.808284070159573439e-04 6.250231738795016673e-04 1.018946473727266357e-03
1.080196148924404825e-01 2.822333768000024473e-04 6.353342302828648112e-04 1.058165090412570243e-03
1.108294575988691688e-01 2.850048466781271829e-04 6.393469547192019709e-04 1.077710320031203747e-03
1.137123908828076430e-01 2.857372201153613681e-04 6.390129333808661953e-04 1.086416105903204813e-03
1.166703160010444940e-01 2.887279076372162149e-04 6.532934350708132464e-04 1.081150904203758431e-03
1.197051836665023600e-01 2.923748881618500853e-04 6.455864950014206802e-04 1.086036660147214963e-03
1.228189953347067626e-01 2.933250155172200378e-04 6.471789148388458349e-04 1.054727954021586218e-03
1.260138045237207960e-01 2.938248727284285171e-04 6.636833790205372676e-04 1.057306358238742534e-03
1.292917181684128114e-01 2.995841636141303652e-04 6.861983162492298798e-04 1.104100742666723695e-03
1.326548980099526154e-01 3.068142162089353381e-04 7.155990339184478341e-04 1.149520782658302329e-03
1.361055620214514372e-01 3.066807335027917471e-04 7.397170119604962657e-04 1.194818563418021708e-03
1.396459858706861901e-01 3.087536693298572623e-04 7.491479135543311707e-04 1.221231190449676134e-03
1.432785044208726988e-01 3.049965366008316721e-04 7.331337105638454634e-04 1.144391748949427461e-03
1.470055132704773948e-01 3.067369955802912206e-04 7.037873715083965177e-04 1.128011667081815295e-03
1.508294703330827491e-01 2.987579725294799886e-04 6.969966241925464653e-04 1.132201599626660388e-03
1.547528974583498862e-01 2.904523821605849870e-04 6.901595397402262308e-04 1.118599735070430808e-03
1.587783820951450542e-01 2.878052535496841507e-04 6.872647688491962618e-04 1.126514803552177823e-03
1.629085789979282661e-01 2.944053411765879826e-04 6.974545710105173194e-04 1.129432042825173404e-03
1.671462119775291022e-01 3.007848372616621401e-04 7.008886453043769796e-04 1.153688277512419230e-03
1.714940756974645819e-01 2.972640605748461833e-04 7.058516955384155607e-04 1.136092919677464614e-03
1.759550375169830760e-01 2.883603979285129324e-04 6.890330753967805356e-04 1.167552188319217078e-03
1.805320393820497304e-01 2.817912113009392425e-04 6.754807024704936706e-04 1.100854890204734215e-03
1.852280997655222639e-01 2.810346497026681230e-04 6.554250350244777371e-04 1.123731975352388257e-03
1.900463156577937296e-01 2.858386961528597606e-04 6.627929612824615558e-04 1.133502411644382634e-03
1.949898646092172172e-01 2.925190032866264328e-04 6.784231168470075939e-04 1.144317081412398254e-03
2.000620068256590001e-01 2.928115887883367971e-04 6.945873365582079344e-04 1.143320322963786760e-03
2.052660873185612189e-01 2.875480375102302112e-04 6.732225928865530167e-04 1.121142319882893930e-03
2.106055381109337432e-01 2.841446515221698822e-04 6.729340558683545711e-04 1.134643274108773289e-03
2.160838805007280483e-01 2.851394603596494443e-04 6.807512282418797704e-04 1.126419511947800373e-03
2.217047273830869136e-01 2.862843140337196406e-04 6.865443902767296401e-04 1.221672458024535002e-03
2.274717856330022714e-01 2.841992103279102609e-04 6.925343584380408250e-04 1.236929026530133886e-03
2.333888585499501456e-01 2.825400060544135507e-04 6.825459791771133116e-04 1.194407171248571941e-03
2.394598483661171950e-01 2.686813748252543286e-04 6.465347986616987739e-04 1.191386906197478609e-03
2.456887588198717054e-01 2.705074535123585980e-04 6.641466426192451505e-04 1.174437473591892012e-03
2.520796977961765051e-01 2.729146587581821417e-04 6.580494191254502353e-04 1.212899767140625251e-03
2.586368800356856901e-01 2.672182408226705095e-04 6.471544543889070798e-04 1.186610431257679576e-03
2.653646299143109788e-01 2.651011002362735542e-04 6.503404371747649329e-04 1.214910085312724368e-03
2.722673842950901757e-01 2.660100745557903161e-04 6.457414596639929815e-04 1.185453419285952253e-03
2.793496954542416533e-01 2.642388875587534623e-04 6.607429423168405215e-04 1.104676075646510505e-03
2.866162340833301458e-01 2.659029380146524322e-04 6.771921264163029532e-04 1.220857871013434444e-03
2.940717923695267966e-01 2.721062138550050342e-04 6.735332161507729841e-04 1.248816535810615960e-03
3.017212871559940557e-01 2.668128061921257589e-04 6.717632746909174991e-04 1.216058765119854956e-03
3.095697631844794850e-01 2.566155646085481424e-04 6.461681205694090819e-04 1.192954478553242582e-03
3.176223964222567031e-01 2.600496536099812864e-04 6.716174899548429771e-04 1.252601918099797897e-03
3.258844974756084367e-01 2.785094313262326780e-04 7.309467976704364352e-04 1.302008178001420576e-03
3.343615150921014911e-01 2.783014957984008739e-04 7.096105722396357264e-04 1.247150371856703237e-03
3.430590397539649006e-01 2.586809652904289254e-04 6.670388830882760132e-04 1.284126325967746085e-03
3.519828073649394762e-01 2.780588965379704632e-04 7.519063546501135236e-04 1.393878652858704251e-03
3.611387030330321934e-01 2.829124497279278221e-04 7.586082344239484859e-04 1.312617952974279864e-03
3.705327649516652611e-01 2.551946568132104653e-04 6.746047143684250720e-04 1.275097060158418604e-03
3.801711883817894821e-01 2.626318952538287928e-04 7.352531294203610950e-04 1.351288991396101683e-03
3.900603297375753731e-01 2.864087990580003627e-04 7.707851985963064603e-04 1.363220230114034438e-03
4.002067107783857103e-01 2.591152499716590694e-04 7.038053552820279198e-04 1.255454428215453579e-03
4.106170229097906854e-01 2.629086568683641290e-04 7.474302459162701943e-04 1.425586811670781322e-03
4.212981315964619555e-01 2.994962142372751168e-04 8.312495257541053411e-04 1.503302955902836901e-03
4.322570808898573147e-01 2.697270457154899749e-04 7.366926364942054861e-04 1.430000749211803555e-03
4.435010980736801001e-01 2.713508109119564080e-04 8.015974236550019519e-04 1.503286897165342396e-03
4.550375984301784360e-01 3.329390706566620313e-04 9.007799600229188979e-04 1.665553146854612627e-03
4.668741901304265807e-01 2.996474133552762221e-04 8.180666861180160235e-04 1.523923417607061289e-03
4.790186792518146830e-01 2.854424559503246513e-04 8.440361132468916219e-04 1.540787205080537681e-03
4.914790749260544711e-01 3.469153859076390097e-04 9.019267353419004865e-04 1.613843134984140190e-03
5.042635946210968223e-01 3.011528626231330867e-04 8.423563144124917527e-04 1.547042112975814676e-03
5.173806695604443728e-01 2.862732581787542831e-04 8.180211893269172556e-04 1.528416242496533160e-03
5.308389502834340856e-01 3.206220770719332073e-04 8.635579225958480657e-04 1.608438704287658587e-03
5.446473123501512914e-01 2.887103961596862380e-04 8.704489004556952621e-04 2.047904092546476689e-03
5.588148621947504058e-01 3.276893048762343787e-04 1.006670253038689919e-03 2.727259759175055826e-03
5.733509431310263027e-01 3.363574068371971422e-04 1.135915484471568260e-03 3.238573503972862807e-03
5.882651415142079454e-01 3.061235061411086218e-04 1.243571930813627737e-03 3.371435720355145643e-03
6.035672930630338051e-01 3.166920508151065540e-04 1.377270808122343449e-03 3.184109177624225729e-03
6.192674893462808416e-01 2.923857627745334638e-04 1.415577898218983895e-03 3.071864316422264797e-03
6.353760844380211825e-01 2.736836835483986985e-04 1.366805188541774657e-03 2.826824657040130553e-03
6.519037017459989869e-01 2.683057351930176167e-04 1.280444373381478453e-03 2.466203247419478280e-03
6.688612410176284495e-01 2.577717522106353688e-04 1.169334732863029549e-03 2.124460924433960261e-03
6.862598855282353583e-01 2.529607427373525689e-04 1.061191368298295464e-03 1.825800433047599335e-03
7.041111094562799710e-01 2.499572519837156646e-04 9.455663773561805976e-04 1.578685826792592100e-03
7.224266854504284296e-01 2.490242780072614509e-04 8.534299263447380629e-04 1.374240837378666504e-03
7.412186923934599436e-01 2.451160061277573481e-04 7.584899044056167983e-04 1.180787076931067185e-03
7.604995233681325351e-01 2.321216339817178543e-04 6.769548830321566292e-04 1.026567607231469031e-03
7.802818938302585883e-01 2.116447701092945667e-04 5.974284153299698518e-04 9.041151205997036578e-04
8.005788499943830017e-01 1.891173341604399994e-04 5.208919165052517883e-04 7.747008596907217336e-04
8.214037774375858580e-01 1.685141365981340149e-04 4.526901508644295686e-04 6.929767291077472543e-04
8.427704099271031701e-01 1.537734123115381082e-04 3.971297145148229850e-04 6.170093786935240904e-04
8.646928384775618426e-01 1.419535573708518390e-04 3.563164558643547503e-04 5.606967134474936422e-04
8.871855206438202801e-01 1.338496943529856567e-04 3.298594141784267448e-04 5.203133672926301247e-04
9.102632900555369666e-01 1.265828389596199307e-04 3.077402354590917091e-04 4.920419849768198611e-04
9.339413661997550964e-01 1.205870765628749120e-04 2.937398854253722366e-04 4.792667255759647097e-04
9.582353644579554297e-01 1.154133454151954436e-04 2.832544818838654750e-04 4.690900933162327484e-04
9.831613064041959671e-01 1.101225321739597937e-04 2.748511117010721673e-04 4.561181036982034386e-04
1.008735630371130121e+00 1.073714149578814097e-04 2.695312812183190223e-04 4.480101897527442672e-04
1.034975202290872476e+00 1.060612513735029048e-04 2.671100429399815221e-04 4.487069770146628000e-04
1.061897326817860421e+00 1.048191378149959066e-04 2.638017603676007824e-04 4.521985987279957399e-04
1.089519758741047228e+00 1.046027539511815830e-04 2.642541890883275775e-04 4.559548098673762376e-04
1.117860714692952895e+00 1.040795052477120399e-04 2.634054874911428610e-04 4.570944950242899086e-04
1.146938885163295563e+00 1.033903106983104068e-04 2.613152267603046264e-04 4.585911880239044980e-04
1.176773446825126745e+00 1.030614970294731832e-04 2.615659072184691380e-04 4.604909750157431419e-04
1.207384075181587635e+00 1.024577231573869034e-04 2.607113328674360393e-04 4.543523848330392311e-04
1.238790957541659354e+00 1.018525890888235657e-04 2.604766153051233583e-04 4.520551466600462843e-04
1.271014806333420122e+00 1.014586098780056583e-04 2.592985622389539445e-04 4.522127060613540363e-04
1.304076872763623385e+00 1.011885361967301719e-04 2.592201484720782750e-04 4.465010672224924105e-04
1.337998960832589734e+00 1.010088244038526308e-04 2.581819456531934606e-04 4.503905454383018946e-04
1.372803441713661199e+00 1.005525939688987734e-04 2.577727900583121458e-04 4.453170587070213733e-04
1.408513268506695448e+00 1.003869536446676123e-04 2.578446403446618099e-04 4.478509733820156317e-04
1.445151991375337452e+00 9.978818759692567890e-05 2.571111349555883427e-04 4.501693717237648259e-04
1.482743773078042393e+00 9.954466477227747584e-05 2.570492668732205421e-04 4.503494486984605557e-04
1.521313404903099631e+00 9.945166641444169015e-05 2.569749920504635159e-04 4.517170185659565235e-04
1.560886323018162658e+00 9.962306561341142388e-05 2.567095283662757378e-04 4.513472514132319219e-04
1.601488625245068853e+00 9.947641937849484339e-05 2.557755501764875082e-04 4.506143429850090524e-04
1.643147088271011746e+00 9.944687464685274324e-05 2.557912783764065660e-04 4.521862881536139090e-04
1.685889185307417382e+00 9.965131242953962189e-05 2.557272285786926216e-04 4.527996563268452883e-04
1.729743104208164350e+00 9.961912868743700471e-05 2.554232899204255140e-04 4.508609363191906682e-04
1.774737766059112376e+00 9.981632528765725101e-05 2.544184175428621181e-04 4.482145915122460328e-04
1.820902844251163888e+00 9.976605910205737485e-05 2.545034919586481887e-04 4.479841424403917965e-04
1.868268784049495812e+00 9.965170395838187398e-05 2.552840130226789002e-04 4.463464522307848009e-04
1.916866822671805526e+00 9.970894994980627785e-05 2.550934113243931846e-04 4.480738137269807669e-04
1.966729009888846580e+00 9.993902610607476023e-05 2.546839007724552295e-04 4.474813165033764118e-04
2.017888229160833102e+00 9.982872654788356296e-05 2.549357115611771926e-04 4.462964840550673481e-04
2.070378219323653290e+00 9.980410694096046316e-05 2.552129884229148546e-04 4.445582191879573976e-04
2.124233596839191218e+00 9.972240228530094208e-05 2.549844166412738194e-04 4.433723782730952302e-04
2.179489878624427668e+00 9.939095997124928420e-05 2.550897340201322837e-04 4.459935903177209178e-04
2.236183505474383715e+00 9.939768210114551493e-05 2.550427694672631018e-04 4.475871535154852046e-04
2.294351866094349379e+00 9.928686490889257780e-05 2.560172042009673183e-04 4.478049297759875355e-04
2.354033321757245556e+00 9.931584625556094095e-05 2.551775162936491498e-04 4.487852783720283839e-04
2.415267231602378661e+00 9.933580202270116469e-05 2.556156064419545944e-04 4.504276425104361201e-04
2.478093978592282198e+00 9.913110553057864359e-05 2.562546872020820534e-04 4.554098508341997966e-04
2.542554996144749335e+00 9.903338483869109142e-05 2.561925118815192980e-04 4.610610975090247490e-04
2.608692795457636660e+00 9.892739541186391981e-05 2.565563595010995858e-04 4.640240648026160196e-04
2.676550993544424273e+00 9.891085366692160287e-05 2.564607597530474425e-04 4.685569504785829561e-04
2.746174341999090718e+00 9.891918153255398259e-05 2.567570892626805617e-04 4.660134632782521715e-04
2.817608756509188961e+00 9.883319801856631389e-05 2.571760867369910354e-04 4.675141426905003489e-04
2.890901347136643373e+00 9.884129182956296776e-05 2.572114551747031871e-04 4.691046156456366565e-04
2.966100449386221971e+00 9.893663123759530533e-05 2.579057748049809755e-04 4.729619308066681659e-04
3.043255656082168414e+00 9.883114247062579460e-05 2.573597321396440770e-04 4.720431170773882641e-04
3.122417850074018730e+00 9.863620976612452339e-05 2.573158391000263719e-04 4.757754366647827331e-04
3.203639237793178829e+00 9.861416220742845299e-05 2.574915079523998600e-04 4.766784912117293517e-04
3.286973383682379346e+00 9.858708832648524175e-05 2.578760732635313455e-04 4.747879318394952210e-04
3.372475245520728748e+00 9.861278993962641700e-05 2.578044909902778271e-04 4.739940250424008131e-04
3.460201210667646521e+00 9.872764702606073221e-05 2.578284072399624404e-04 4.784735026335344959e-04
3.550209133249590643e+00 9.873477637879700636e-05 2.579203192588829722e-04 4.736356777637637061e-04
3.642558372314097070e+00 9.862449261019406034e-05 2.580932821402863778e-04 4.776765217746821749e-04
3.737309830976292879e+00 9.868549345914681616e-05 2.578607121440389441e-04 4.800181308273474608e-04
3.834525996583711294e+00 9.872524029084433844e-05 2.586092904115938921e-04 4.812038296900141552e-04
3.934270981925875432e+00 9.877658267470277578e-05 2.589620124482060995e-04 4.809623485273766441e-04
4.036610567515825920e+00 9.909726861824859248e-05 2.593446407081689224e-04 4.852508320779704400e-04
4.141612244971548229e+00 9.909510868356302996e-05 2.595108029339054673e-04 4.841680940435647549e-04
4.249345261525779627e+00 9.901476120778218899e-05 2.601206210661545829e-04 4.894729970925369190e-04
4.359880665693667723e+00 9.916576947127919142e-05 2.608093602713535786e-04 4.891632475550256650e-04
4.473291354128330788e+00 9.925688454159381979e-05 2.614477120364967593e-04 4.892195963781062343e-04
4.589652119695248444e+00 9.939323319670364848e-05 2.617162678159514898e-04 4.898244577281921867e-04
4.709039700797180927e+00 9.954000851070330378e-05 2.610876926282378204e-04 4.969948646853700235e-04
4.831532831982136678e+00 9.971690685788879636e-05 2.612673478158357887e-04 4.971914798294307632e-04
4.957212295867781116e+00 9.976458189728815563e-05 2.617508503958254737e-04 5.023527071300847024e-04
5.086160976416515211e+00 9.971455939970631332e-05 2.617301786052439873e-04 4.966125643613160433e-04
5.218463913596365522e+00 9.957751427063426869e-05 2.622822476331730483e-04 5.013376773455380849e-04
5.354208359463727085e+00 9.969454062430434130e-05 2.635244082704355320e-04 5.015160800613508059e-04
5.493483835704954465e+00 9.980731939244871559e-05 2.637124516461049404e-04 5.013730638795115425e-04
5.636382192674746605e+00 1.000109040669572150e-04 2.639150596265522138e-04 5.044067306506804698e-04
5.782997669970261434e+00 1.001215667594461498e-04 2.635799248528649785e-04 5.077423770810846103e-04
5.933426958580853672e+00 1.001550033477509289e-04 2.636745468752439659e-04 5.099884544381548144e-04
6.087769264654586010e+00 1.005566282756597055e-04 2.643367767314065133e-04 5.124889379828644108e-04
6.246126374923339775e+00 1.004182779856450280e-04 2.646363554600833024e-04 5.132999405834071062e-04
6.408602723829843306e+00 1.007602003123033157e-04 2.654754290265646426e-04 5.169796976096791008e-04
6.575305462400820922e+00 1.008676897931173687e-04 2.663591635138395420e-04 5.190436382368045090e-04
6.746344528911699889e+00 1.011331201707182476e-04 2.669861727412845822e-04 5.177050941743622419e-04
6.921832721389455045e+00 1.014366804255235920e-04 2.678921239392809193e-04 5.191958691132151716e-04
7.101885772001439889e+00 1.014885665494609247e-04 2.687246318125059838e-04 5.252699167543615263e-04
7.286622423379229829e+00 1.015087387556261626e-04 2.690764818179776428e-04 5.257191174606886492e-04
7.476164506927841735e+00 1.016304816468069659e-04 2.697691923923900494e-04 5.300755974149450652e-04
7.670637023171947178e+00 1.017844191664349737e-04 2.702929639130777673e-04 5.342063089986087785e-04
7.870168224192086726e+00 1.018330884728852397e-04 2.720761658233221978e-04 5.400198453050812294e-04
8.074889698205232946e+00 1.023143770718938471e-04 2.741895854131667682e-04 5.439918434579581706e-04
8.284936456345509015e+00 1.025336544277539471e-04 2.749652231387761272e-04 5.490402738863027314e-04
8.500447021702251860e+00 1.028635294144992265e-04 2.761718303485627174e-04 5.526315776597302051e-04
8.721563520674207481e+00 1.031624620005953995e-04 2.767967029522059902e-04 5.542252497054210407e-04
8.948431776699955265e+00 1.035391713496056055e-04 2.779344790422720222e-04 5.576571277515393046e-04
9.181201406426664491e+00 1.040058617798717791e-04 2.798176249977217837e-04 5.578047897977890870e-04
9.420025918380245500e+00 1.043150023785119042e-04 2.803550979504752403e-04 5.561501332125224403e-04
9.665062814202231678e+00 1.044381211927207541e-04 2.812316747565526661e-04 5.582656481965704836e-04
9.916473692520051841e+00 1.046944337650849511e-04 2.827195736421219373e-04 5.665755320323650384e-04
1.017442435551921598e+01 1.049626307781111289e-04 2.840714011702494702e-04 5.713490959635468634e-04
1.043908491828767993e+01 1.054126866026808111e-04 2.856194819714128982e-04 5.693646793207546427e-04
1.071062992100452504e+01 1.058067403946979943e-04 2.869566762042082908e-04 5.733119425170470074e-04
1.098923844404692396e+01 1.061900343223692313e-04 2.898772120284444603e-04 5.748500618075526878e-04
1.127509422609129963e+01 1.066498826175011141e-04 2.899543012088906567e-04 5.787978240443385517e-04
1.156838578528659411e+01 1.067786578384059544e-04 2.904037486517989787e-04 5.844573465534898217e-04
1.186930654357949955e+01 1.072113987376958026e-04 2.909927885982880246e-04 5.822615481401255616e-04
1.217805495427372264e+01 1.071980578743363582e-04 2.920135119254668992e-04 5.808005787033377687e-04
1.249483463290733631e+01 1.074977167374250572e-04 2.923303008073489611e-04 5.789884425218693072e-04
1.281985449153457424e+01 1.079173530286037090e-04 2.939905377358523696e-04 5.871370121083026956e-04
1.315332887650052562e+01 1.080526853533760355e-04 2.929556105471067037e-04 5.892577084608809296e-04
1.349547770979986616e+01 1.081900948695081158e-04 2.937678319830172645e-04 5.915639083041118566e-04
1.384652663411246110e+01 1.084167862616852761e-04 2.961999507730587815e-04 5.968371080868429884e-04
1.420670716161177083e+01 1.087659707962876707e-04 2.975491949432193702e-04 6.028069802255816949e-04
1.457625682664410682e+01 1.090176671468228153e-04 2.990499110429803301e-04 6.114431858160629830e-04
1.495541934237941817e+01 1.094697259996052870e-04 3.016770223914771055e-04 6.131161125269408117e-04
1.534444476153695192e+01 1.096366935390235929e-04 3.038404042036182127e-04 6.092930543643320556e-04
1.574358964129175043e+01 1.099462912697950879e-04 3.039153171155846932e-04 6.143132241690916128e-04
1.615311721247072896e+01 1.104374713629491608e-04 3.077020468061398314e-04 6.232703761379698249e-04
1.657329755314999176e+01 1.110021189072298389e-04 3.092131647958471841e-04 6.240334601392272511e-04
1.700440776676777688e+01 1.118530447918209019e-04 3.125679876176147283e-04 6.284498370696284556e-04
1.744673216487055001e+01 1.125873654221891829e-04 3.158058449991688922e-04 6.403304558336040883e-04
1.790056245461273932e+01 1.128043956776508540e-04 3.175736524937175617e-04 6.434347034501501465e-04
1.836619793113381860e+01 1.126910520804637436e-04 3.186084319741281355e-04 6.444585434490874773e-04
1.884394567493950490e+01 1.135030736204102381e-04 3.200046745284458832e-04 6.462755162782606770e-04
1.933412075441737343e+01 1.137247493764961158e-04 3.183601142017222514e-04 6.524438894921131583e-04
1.983704643362022679e+01 1.136669255151062506e-04 3.198489140882487423e-04 6.656755308153607543e-04
2.035305438545467993e+01 1.143202051787549708e-04 3.231330810261819910e-04 6.744582577937178634e-04
2.088248491041499832e+01 1.151361639037199456e-04 3.246501265695083500e-04 6.828178546872180855e-04
2.142568716100683091e+01 1.159954386501326184e-04 3.296724443540986391e-04 6.890224954682091759e-04
2.198301937200873724e+01 1.166533438139220441e-04 3.318386802415828870e-04 6.909081668215319091e-04
2.255484909672331639e+01 1.169820561525023383e-04 3.348597086080817311e-04 7.017871726615440738e-04
2.314155344937383774e+01 1.171307068363325457e-04 3.349299162236822960e-04 7.060253911536163232e-04
2.374351935380609646e+01 1.176876067363530809e-04 3.367928679451034674e-04 7.080498404030938870e-04
2.436114379865967194e+01 1.180566156435985828e-04 3.406119673881168194e-04 7.176482372761856625e-04
2.499483409917670329e+01 1.185246684940625879e-04 3.427204103070300226e-04 7.272784671546373867e-04
2.564500816582097897e+01 1.196234036994359032e-04 3.456482568045524443e-04 7.328577461704840774e-04
2.631209477988443268e+01 1.209780137827255096e-04 3.486781436583991393e-04 7.409640726934740591e-04
2.699653387626277379e+01 1.222512563017271077e-04 3.520629759699440129e-04 7.516918673567786003e-04
2.769877683358681963e+01 1.231810233020805734e-04 3.552117416170692127e-04 7.559190519623663462e-04
2.841928677190083263e+01 1.241016261288160818e-04 3.586289038198916461e-04 7.518804435523117596e-04
2.915853885808392221e+01 1.249868746883082461e-04 3.634927273818727060e-04 7.651233741672513675e-04
2.991702061921671429e+01 1.259893739167721274e-04 3.665166596223110355e-04 7.743032671196077403e-04
3.069523226409886973e+01 1.271211187945049724e-04 3.705401627044250601e-04 7.755397700723575547e-04
3.149368701313027685e+01 1.285188044983698774e-04 3.760100397758291417e-04 7.821258488622923576e-04
3.231291143677321287e+01 1.300932507462739668e-04 3.825503229449649881e-04 7.850250978940847245e-04
3.315344580281868758e+01 1.312099988660747022e-04 3.850913364502841943e-04 7.911339659455494206e-04
3.401584443268593816e+01 1.320243929238724295e-04 3.900505206817048045e-04 8.040941179740940248e-04
3.490067606699020075e+01 1.334883547110372556e-04 3.925096907591418675e-04 8.110225412260211415e-04
3.580852424061968975e+01 1.352443448994055254e-04 3.962600783170168298e-04 8.248668629320527997e-04
3.673998766756920986e+01 1.367697652836091251e-04 4.002774199918347569e-04 8.302737032167248387e-04
3.769568063578423533e+01 1.383003669380717521e-04 4.051236602239451936e-04 8.406468106630495072e-04
3.867623341227572098e+01 1.406924421938491514e-04 4.133286354220026371e-04 8.434058736179185457e-04
3.968229265877300804e+01 1.432100359414441629e-04 4.190419002736565555e-04 8.584929637683132901e-04
4.071452185818876046e+01 1.458865389771410947e-04 4.254831708557915834e-04 8.672614292830392677e-04
4.177360175217724958e+01 1.484048993958484439e-04 4.339250594639910128e-04 8.897029067815350866e-04
4.286023079007465242e+01 1.511925880302316565e-04 4.386969816162872532e-04 9.098463853230594461e-04
4.397512558951694928e+01 1.538389639359422697e-04 4.463132907961935426e-04 9.301404360813218591e-04
4.511902140904034297e+01 1.564605249969264688e-04 4.540284469580311709e-04 9.385035884167624003e-04
4.629267263297434454e+01 1.597070433695065884e-04 4.641702113119487022e-04 9.710867436498540634e-04
4.749685326894841353e+01 1.629626415953232320e-04 4.730995301928657307e-04 9.968978791248994577e-04
4.873235745833993349e+01 1.663991258115536296e-04 4.833329136175905979e-04 1.013979739301437916e-03
4.999999999999997158e+01 1.697490658385932211e-04 4.950701084457026285e-04 1.031349239130508128e-03
