1.000000000000000021e-02 4.054625975470998967e-04 1.049708261737757227e-03 1.948618213162780013e-03
1.024704793757475266e-02 3.892108314710927375e-04 1.004947522356639672e-03 1.900055593943847550e-03
1.050019914349549846e-02 3.767684422776184272e-04 9.689234609409156512e-04 1.824223401385659769e-03
1.075960439774797245e-02 3.659500933139152204e-04 9.355120761851882551e-04 1.752654867548156118e-03
1.102541820530636082e-02 3.564323569550675603e-04 9.068800116282851312e-04 1.691479122161468947e-03
1.129779888815837276e-02 3.472784303172133584e-04 8.826645179143329661e-04 1.659953449019281645e-03
1.157690867960375902e-02 3.393120812779056093e-04 8.654353491260025327e-04 1.619030633300823927e-03
1.186291382088249489e-02 3.325588577308656590e-04 8.468919480456906781e-04 1.604980160743053408e-03
1.215598466019009866e-02 3.276466558266364465e-04 8.351874283665662157e-04 1.568560211046360819e-03
1.245629575413912879e-02 3.236126345528020452e-04 8.254994664078111818e-04 1.549321989609907030e-03
1.276402597172724904e-02 3.196627209828361671e-04 8.171799358915850589e-04 1.549324992175919041e-03
1.307935860087382912e-02 3.149081275020039917e-04 8.025596053551725629e-04 1.537680721430162824e-03
1.340248145758847660e-02 3.142280380837264944e-04 7.968812897243856934e-04 1.517834810351113926e-03
1.373358699783658668e-02 3.123397288254870690e-04 7.900389024056116757e-04 1.496329142055681039e-03
1.407287243216849039e-02 3.113378286912835808e-04 7.851200484857547360e-04 1.489662784684429734e-03
1.442053984318047120e-02 3.106829158421505485e-04 7.834642401408449183e-04 1.482467335230246456e-03
1.477679630587769993e-02 3.108067494559973217e-04 7.802045180912805427e-04 1.481599502075991136e-03
1.514185401101062964e-02 3.093870341419071809e-04 7.812493267260634412e-04 1.471381560665129245e-03
1.551593039145844621e-02 3.076443487569346653e-04 7.780107623173661193e-04 1.464068918344745745e-03
1.589924825173476969e-02 3.062633927195722804e-04 7.743294742579458819e-04 1.459057986964617387e-03
1.629203590069277716e-02 3.061034051707523158e-04 7.757759974473244207e-04 1.446170811485626619e-03
1.669452728750877440e-02 3.037121349551491424e-04 7.744591516809797536e-04 1.428740729937418193e-03
1.710696214102521914e-02 3.013638225358756953e-04 7.743399050956834874e-04 1.421441386416594970e-03
1.752958611253618501e-02 3.000400705458216872e-04 7.709979011059102036e-04 1.425714666194869036e-03
1.796265092210029557e-02 3.009092188143042156e-04 7.683297959486462894e-04 1.421161411287594906e-03
1.840641450846831201e-02 3.004213815787720406e-04 7.682112801367610997e-04 1.396843430874680379e-03
1.886114118271462262e-02 3.002499855104628326e-04 7.659794161786391510e-04 1.413514333048216656e-03
1.932710178566421008e-02 2.981908912956965797e-04 7.635568850556104844e-04 1.419221346276949630e-03
1.980457384920877514e-02 2.980533469623372796e-04 7.668998521418878998e-04 1.433974350506424635e-03
2.029384176160816539e-02 2.975690232432326660e-04 7.686800565990833771e-04 1.444196794282202965e-03
2.079519693687553392e-02 2.979243494896302992e-04 7.731969182175056935e-04 1.443316796187839660e-03
2.130893798834713679e-02 2.960249023180497427e-04 7.682677354767353901e-04 1.447702280520036383e-03
2.183537090654008236e-02 2.990353812631360922e-04 7.690821088326773875e-04 1.450627971502607867e-03
2.237480924140412830e-02 3.007957654507828591e-04 7.729654214697444367e-04 1.479396965931484547e-03
2.292757428907587006e-02 2.986584728809694479e-04 7.715053891615174849e-04 1.469131435608480533e-03
2.349399528324667974e-02 3.001246332053887048e-04 7.809300450207971953e-04 1.492552334538155062e-03
2.407440959125838748e-02 3.017343480267416569e-04 7.846910808953801424e-04 1.491973627316745812e-03
2.466916291504341052e-02 3.034650173351927929e-04 7.817939408517445227e-04 1.476449733323208918e-03
2.527860949702911281e-02 3.036580582575448915e-04 7.797945651704067801e-04 1.484801132549701252e-03
2.590311233112897391e-02 3.010225570269096430e-04 7.796412083368657424e-04 1.486841087536335849e-03
2.654304337894622737e-02 3.001739424555720671e-04 7.816668499216222104e-04 1.489304924898861597e-03
2.719878379131881324e-02 2.986650368064779917e-04 7.827635969951147066e-04 1.463006537166255689e-03
2.787072413533750459e-02 2.985009337739490511e-04 7.858361686657802788e-04 1.483560264822902626e-03
2.855926462697251991e-02 2.967661610578806934e-04 7.867793593503525718e-04 1.495930816533042702e-03
2.926481536944703504e-02 2.965632953238427050e-04 7.864801478664872753e-04 1.500997790034913149e-03
2.998779659749981411e-02 2.969445551542064000e-04 7.834145437524342101e-04 1.517953821546622886e-03
3.072863892768216629e-02 2.950634656731697609e-04 7.828597544786643388e-04 1.533052826646846270e-03
3.148778361483847710e-02 2.946794744760720410e-04 7.892050632384002649e-04 1.533662403058379297e-03
3.226568281492307039e-02 2.970820684339702954e-04 7.898394912190941260e-04 1.543978127289706440e-03
3.306279985430987667e-02 2.982087524731856509e-04 7.961989050216135549e-04 1.544688599068392990e-03
3.387960950575528291e-02 3.003315102708313750e-04 8.015138287215106943e-04 1.516159634499406354e-03
3.471659827117876823e-02 3.030195199256667765e-04 8.105722574935617011e-04 1.533249124175584295e-03
3.557426467142935783e-02 3.053842907546409739e-04 8.202334165866975030e-04 1.561127592102612861e-03
3.645311954321085735e-02 3.067826371495787751e-04 8.225579099288903928e-04 1.577213504658614429e-03
3.735368634334246957e-02 3.095905235863757486e-04 8.215679478788282062e-04 1.588322551026633911e-03
3.827650146053616920e-02 3.131291944374977763e-04 8.270153177296114561e-04 1.613576858621014595e-03
3.922211453487641636e-02 3.164458977335149643e-04 8.416235785861328911e-04 1.630290599128366661e-03
4.019108878519260519e-02 3.185045117774062051e-04 8.682988328134861288e-04 1.676259878308864696e-03
4.118400134451916800e-02 3.246144990536742325e-04 8.904032030214549054e-04 1.679156162445472012e-03
4.220144360384309873e-02 3.265620620520240228e-04 9.028726422097115012e-04 1.697404503314034994e-03
4.324402156434375977e-02 3.298929490826609098e-04 9.134815000967386016e-04 1.708573853838351708e-03
4.431235619833468614e-02 3.293347388155704915e-04 9.204666425278397370e-04 1.705475683905096750e-03
4.540708381912234720e-02 3.275072151635888707e-04 9.201028253951067624e-04 1.717784562028800864e-03
4.652885646000215480e-02 3.281065955063538022e-04 9.259096841599915055e-04 1.747182643034009839e-03
4.767834226261768310e-02 3.327202509978833926e-04 9.359075120028113870e-04 1.710965271542785274e-03
4.885622587491396385e-02 3.377341454342256051e-04 9.540736585071785255e-04 1.714861743751570564e-03
5.006320885892234090e-02 3.457625996152417368e-04 9.729550091331479710e-04 1.738661986819504002e-03
5.130001010861944682e-02 3.505095858184832289e-04 9.822482171378092708e-04 1.773873657284633001e-03
5.256736627810928986e-02 3.585561980110812735e-04 9.909634337227431373e-04 1.795580528746719981e-03
5.386603222038363614e-02 3.679967537475188730e-04 1.016650913005177773e-03 1.886735591755962218e-03
5.519678143692172828e-02 3.738500103981670349e-04 1.053035713325565625e-03 1.970689380769772344e-03
5.656040653839732035e-02 3.830775995608081243e-04 1.094898260449373622e-03 1.999682731557503833e-03
5.795771971676737938e-02 3.953770997520655276e-04 1.139541858243186146e-03 2.066849977435349182e-03
5.938955322902367273e-02 4.095094624860195457e-04 1.176713752251649231e-03 2.105793247150671357e-03
6.085675989289530269e-02 4.137908118289434600e-04 1.203435785811115492e-03 2.115469938294119515e-03
6.236021359479747284e-02 4.220540124957786578e-04 1.207186013053144135e-03 2.137596295777039433e-03
6.390080981032904284e-02 4.377235457217737566e-04 1.245739640033340393e-03 2.132278275608309216e-03
6.547946613762888057e-02 4.477271325172002070e-04 1.264489039422804799e-03 2.129825954013847208e-03
6.709712284390857706e-02 4.505943020921029224e-04 1.288221366980507382e-03 2.143893374299695419e-03
6.875474342548731910e-02 4.493318422181086474e-04 1.277663689209318585e-03 2.160765657962549716e-03
7.045331518166214613e-02 4.428222682666443010e-04 1.249723008521628174e-03 2.193406810597274808e-03
7.219384980275551922e-02 4.453892397814176226e-04 1.262325148560193783e-03 2.195791557466580599e-03
7.397738397269074118e-02 4.439196295154156286e-04 1.272805601605134750e-03 2.163607317401153654e-03
7.580497998645360780e-02 4.436179747266450922e-04 1.272440435779311190e-03 2.168720865849402008e-03
7.767772638280848185e-02 4.310557444558904463e-04 1.215037310214956562e-03 2.197115103204790552e-03
7.959673859264540519e-02 4.095992327991651106e-04 1.109035293885918608e-03 2.073184779029109068e-03
8.156315960334438453e-02 4.041501292287466660e-04 1.063750519243926961e-03 1.989226417230978688e-03
8.357816063955303409e-02 4.035800386248590706e-04 1.063646665004358343e-03 2.021498277060245451e-03
8.564294186078233451e-02 4.066480844485011029e-04 1.074614696925352926e-03 1.980082333553658414e-03
8.775873307623639763e-02 4.113466396280723923e-04 1.082347854279011460e-03 1.989335869873991476e-03
8.992679447730214659e-02 4.161985429135146028e-04 1.089235252160268607e-03 2.015603550708807475e-03
9.214841738813475680e-02 4.182402600168021504e-04 1.101365245372555807e-03 1.996987014371403354e-03
9.442492503478637500e-02 4.200970880081331973e-04 1.102682414192135245e-03 2.018719173754303462e-03
9.675767333333583353e-02 4.190310866252632709e-04 1.099389929908816494e-03 2.028180175275649984e-03
9.914805169748905356e-02 4.176946754779032418e-04 1.109630275028641476e-03 1.995644447111901733e-03
1.015974838661310165e-01 4.206374450903099501e-04 1.104588838146461621e-03 2.020680614539814828e-03
1.041074287513222008e-01 4.210316278044971784e-04 1.135898178450614948e-03 2.079094011256653243e-03
1.066793813072447195e-01 4.258698101399332721e-04 1.136817975650619358e-03 2.152329202533232073e-03
1.093148734206152578e-01 4.275727157971138882e-04 1.167834892365258049e-03 2.231642787436903270e-03
1.120154748230960673e-01 4.278517179405342055e-04 1.190312441973935976e-03 2.302762772780898599e-03
1.147827940262463181e-01 4.315192090458080075e-04 1.197831527160840700e-03 2.271844054822633272e-03
1.176184792795714890e-01 4.318128988619730313e-04 1.195430912273297633e-03 2.299294373248160581e-03
1.205242195522411852e-01 4.346400769296657890e-04 1.203880871305796230e-03 2.360233859670350307e-03
1.235017455390599594e-01 4.387247848228146836e-04 1.219618973470110732e-03 2.394735666707221815e-03
1.265528306912906409e-01 4.362371259553746205e-04 1.208278727535981025e-03 2.410357670836723101e-03
1.296792922729436415e-01 4.385032201297721843e-04 1.229248723628889942e-03 2.340709809357496233e-03
1.328829924431621512e-01 4.376611586421409240e-04 1.231946687858011908e-03 2.353926135291957867e-03
1.361658393653465970e-01 4.387870843107144416e-04 1.240557065656763868e-03 2.402984785046398484e-03
1.395297883436809883e-01 4.428561687653633817e-04 1.270906565252732240e-03 2.454913642156534518e-03
1.429768429877358027e-01 4.390056408419031053e-04 1.295047209322923703e-03 2.494781695969738172e-03
1.465090564058427469e-01 4.388067185175136887e-04 1.304544794453960880e-03 2.564175051582913423e-03
1.501285324279514055e-01 4.304302743282398497e-04 1.303349497632764727e-03 2.634127921676514619e-03
1.538374268586963634e-01 4.274574875071423044e-04 1.291771499674100208e-03 2.576389841977005154e-03
1.576379487614211483e-01 4.321561806328265139e-04 1.285459356401457039e-03 2.627129649362831918e-03
1.615323617739234940e-01 4.299066577242522595e-04 1.292607698642582025e-03 2.652966756147108127e-03
1.655229854567062397e-01 4.364438696442695829e-04 1.330778058790510780e-03 2.716706429500204655e-03
1.696121966745357534e-01 4.455816051377648368e-04 1.328223864534446106e-03 2.652202856041890790e-03
1.738024310121324689e-01 4.430392776985648249e-04 1.332050795380582348e-03 2.735892362137350240e-03
1.780961842248350302e-01 4.445283262059295882e-04 1.322264784583170429e-03 2.745039783749694817e-03
1.824960137251029069e-01 4.528283710444981950e-04 1.343430563179123837e-03 2.806769115084511122e-03
1.870045401057429391e-01 4.467972968107143780e-04 1.354358032895135785e-03 2.780745265341115664e-03
1.916244487007668085e-01 4.428160160670877206e-04 1.361400054628983218e-03 2.808754804384894742e-03
1.963584911848091641e-01 4.434760633716635422e-04 1.388060521007224981e-03 2.871132886630926428e-03
2.012094872120588906e-01 4.324205296152731155e-04 1.368889474397559734e-03 2.974423075001877016e-03
2.061803260956802664e-01 4.285101789664620404e-04 1.337909850220366957e-03 2.983747348872003470e-03
2.112739685287230440e-01 4.320771614681486968e-04 1.331131566169954606e-03 2.899777141499713939e-03
2.164934483475484395e-01 4.389036855878912903e-04 1.346855812056150939e-03 2.909115756586484747e-03
2.218418743388192449e-01 4.452122398688702150e-04 1.381136780693455017e-03 3.016777257652189948e-03
2.273224320911315099e-01 4.488254776018063292e-04 1.409405467620046927e-03 3.113946323246395611e-03
2.329383858923906037e-01 4.492832775177091451e-04 1.402914891582588471e-03 3.077503696891837302e-03
2.386930806740612809e-01 4.457191251631150266e-04 1.391136030678870967e-03 3.102752635924467886e-03
2.445899440034503824e-01 4.377923231437042852e-04 1.371616151362805517e-03 3.120203860375666757e-03
2.506324881252080528e-01 4.341699528216787446e-04 1.399074218984775343e-03 3.136816102863496103e-03
2.568243120532642809e-01 4.415031375889036402e-04 1.409548875247737401e-03 3.168191171119886813e-03
2.631691037144456291e-01 4.376524265081535733e-04 1.420638394078434057e-03 3.244442457981546509e-03
2.696706421450506541e-01 4.396242030679120994e-04 1.443199251478189012e-03 3.393722013249601561e-03
2.763327997416900050e-01 4.351607071841014540e-04 1.448638029022870401e-03 3.376566039056529394e-03
2.831595445677341782e-01 4.376092674757901509e-04 1.401863315753715863e-03 3.264559638434661685e-03
2.901549427167406936e-01 4.489976344654172404e-04 1.422340833360138728e-03 3.260236355660630411e-03
2.973231607342697869e-01 4.524695353436774766e-04 1.500960796973791183e-03 3.458560187377233801e-03
3.046684680995305761e-01 4.369829717846651466e-04 1.517429446302083875e-03 3.510446317287038188e-03
3.121952397683354086e-01 4.399678951985308475e-04 1.474236579511449758e-03 3.388462363049904447e-03
3.199079587788778434e-01 4.518936218911956361e-04 1.506392594702544649e-03 3.398650372940262461e-03
3.278112189218849171e-01 4.522294141906085243e-04 1.543197746509260932e-03 3.533400724071528338e-03
3.359097274767366414e-01 4.400313832043189328e-04 1.529534064742383041e-03 3.582072467822115629e-03
3.442083080151791541e-01 4.429862941502682471e-04 1.468503135581486702e-03 3.356072681853938637e-03
3.527119032743036287e-01 4.467392174743408154e-04 1.532989137843435677e-03 3.429608275057500436e-03
3.614255781005018542e-01 4.491025256452681950e-04 1.569410763762314927e-03 3.637025960830584694e-03
3.703545224661510260e-01 4.358414600085815365e-04 1.507866275201763355e-03 3.566920143179420910e-03
3.795040545608255322e-01 4.359754750808595932e-04 1.477497664294120071e-03 3.454202627631002259e-03
3.888796239588763748e-01 4.418183792303382305e-04 1.522980281919080695e-03 3.601941105333430777e-03
3.984868148652651043e-01 4.292551627197616787e-04 1.483625927937677136e-03 3.457436102878108306e-03
4.083313494415847233e-01 4.220555228789819847e-04 1.443744268870514455e-03 3.341410484872288974e-03
4.184190912142506380e-01 4.286029725943195758e-04 1.477629948348486381e-03 3.403756260898156347e-03
4.287560485668889254e-01 4.253683782861865793e-04 1.508528620629999515e-03 3.541729304927317308e-03
4.393483783190039182e-01 4.132741566759656998e-04 1.429737439967536296e-03 3.454736989172652994e-03
4.502023893930561238e-01 4.142579775975276839e-04 1.465548370392600165e-03 3.526283774524069294e-03
4.613245465721341199e-01 4.130865371524742560e-04 1.458519792056306962e-03 3.490744945981373581e-03
4.727214743504594696e-01 4.045315103863498488e-04 1.398167512830629381e-03 3.366776182468471899e-03
4.843999608790172107e-01 4.121475911077058293e-04 1.414827064373536461e-03 3.294054307270873495e-03
4.963669620086626488e-01 4.060757882595609678e-04 1.422102201416307419e-03 3.447747619991615477e-03
5.086296054331111982e-01 4.010947348792508822e-04 1.399475327599106114e-03 3.496009891501182347e-03
5.211951949342822354e-01 4.014851088424578151e-04 1.428699923342913050e-03 3.525983140555193247e-03
5.340712147325208381e-01 4.030498857759717726e-04 1.434683672042582139e-03 3.454895615491400829e-03
5.472653339442919984e-01 4.052090270793225787e-04 1.445078410370106850e-03 3.500781105351071301e-03
5.607854111500015781e-01 4.133040624709516690e-04 1.482194702481312966e-03 3.578137984490526325e-03
5.746394990746632736e-01 4.169231315336187739e-04 1.517849520665365574e-03 3.717299399826450891e-03
5.888358493842017483e-01 4.170128147620374851e-04 1.542319215575194309e-03 3.679027146805104176e-03
6.033829176002462047e-01 4.180022003949193004e-04 1.539055871347984545e-03 3.622109931418174885e-03
6.182893681363439420e-01 4.206033524660908441e-04 1.536917855467123629e-03 3.606850600997432363e-03
6.335640794585923885e-01 4.247794488183827071e-04 1.520280436526938233e-03 3.568812672876130448e-03
6.492161493737614864e-01 4.300640998144548456e-04 1.496224154850933283e-03 3.633011256158672625e-03
6.652549004480625694e-01 4.346639388571068132e-04 1.484749670881444633e-03 3.695897281128684639e-03
6.816898855597816054e-01 4.365373078949164021e-04 1.494437394206355211e-03 3.723485375619308129e-03
6.985308935890929272e-01 4.397390996568296896e-04 1.515877795897984130e-03 3.769241737147946848e-03
7.157879552484364138e-01 4.402612800028172699e-04 1.512345719225790044e-03 3.848861992133829381e-03
7.334713490569338967e-01 4.371628088367969099e-04 1.521405270449142661e-03 3.866730151241838144e-03
7.515916074624026111e-01 4.357185801185776107e-04 1.514975683509925527e-03 3.890464692618801450e-03
7.701595231146105558e-01 4.333978205441388451e-04 1.535541517143940594e-03 3.948149189015271940e-03
7.891861552935128810e-01 4.362794798143046363e-04 1.543557477513035712e-03 3.975562633520350955e-03
8.086828364962939109e-01 4.373457655915782057e-04 1.544284998772281611e-03 3.944146016061960726e-03
8.286611791871449917e-01 4.401965114988576041e-04 1.568102419180436927e-03 3.945664103452105158e-03
8.491330827137896220e-01 4.430417943886454427e-04 1.553697520786474643e-03 3.982017936437118842e-03
8.701107403948828978e-01 4.450625407202646539e-04 1.558634994710113904e-03 4.048629718167052506e-03
8.916066467825025654e-01 4.446449536634308384e-04 1.561470102684033500e-03 4.086289557302219023e-03
9.136336051040584438e-01 4.455087423224301461e-04 1.561726661686303665e-03 4.124507508244966425e-03
9.362047348880527808e-01 4.446052832472726312e-04 1.559969539900593442e-03 4.099849249540934819e-03
9.593334797782339107e-01 4.441215921935840589e-04 1.568900743325110907e-03 4.141220583118228327e-03
9.830336155407967125e-01 4.445604694434404322e-04 1.583341932330198116e-03 4.195661852952506203e-03
1.007319258269396833e+00 4.444761511377901811e-04 1.598947513919988031e-03 4.143666425635633352e-03
1.032204872792875205e+00 4.472718281125130863e-04 1.606345832049576716e-03 4.161314281760818828e-03
1.057705281290684196e+00 4.542064084350894821e-04 1.617870515724707716e-03 4.216288751774843226e-03
1.083835672121162830e+00 4.557829875028476764e-04 1.623244572399022093e-03 4.310383407255444742e-03
1.110611608867911881e+00 4.554378578015391612e-04 1.608306268053427864e-03 4.361353211974097234e-03
1.138049039609651425e+00 4.556276704357457180e-04 1.628645028929130972e-03 4.329805044575267894e-03
1.166164306419100516e+00 4.547095806579475865e-04 1.622671330689659259e-03 4.361477276216575542e-03
1.194974155096513613e+00 4.570693067082121563e-04 1.636292622177983958e-03 4.416267515724624226e-03
1.224495745143686198e+00 4.581199997140855446e-04 1.644690513903420337e-03 4.440544701131383248e-03
1.254746659984366852e+00 4.597675905631563517e-04 1.662830376151171533e-03 4.429531034472176422e-03
1.285744917437161572e+00 4.641288997942937195e-04 1.678389143901761133e-03 4.449307250125687958e-03
1.317508980447168687e+00 4.689723043947814705e-04 1.686995039611199898e-03 4.468653970741593394e-03
1.350057768082737475e+00 4.709298619011196793e-04 1.706581474816719563e-03 4.477386738056399716e-03
1.383410666803898792e+00 4.722812048103824803e-04 1.694036396947565639e-03 4.553063766823637129e-03
1.417587542009180579e+00 4.694894458249930427e-04 1.701346466579662991e-03 4.612902027689639965e-03
1.452608749867683624e+00 4.693445865817084560e-04 1.706200037853417614e-03 4.571412091245537559e-03
1.488495149443468613e+00 4.721849803333079171e-04 1.725143769557976967e-03 4.612438537360776490e-03
1.525268115119471801e+00 4.749307598319888130e-04 1.727006042307371262e-03 4.611213366209546485e-03
1.562949549328351395e+00 4.759998077580346754e-04 1.747646043362689793e-03 4.684427192006392245e-03
1.601561895597847229e+00 4.776346829833994921e-04 1.731913879393820639e-03 4.700504497261504856e-03
1.641128151918423095e+00 4.800829091708501526e-04 1.738095827176483824e-03 4.648561880932883771e-03
1.681671884441154230e+00 4.842930826828184434e-04 1.745492991851513645e-03 4.582136755724789713e-03
1.723217241514019449e+00 4.863055400485993460e-04 1.743163428229103700e-03 4.637321591640243545e-03
1.765788968064948783e+00 4.869458349737040771e-04 1.765194295916571506e-03 4.642679906375612835e-03
1.809412420340218208e+00 4.913810092898390162e-04 1.792416855184850036e-03 4.702109497871205523e-03
1.854113581006937572e+00 4.948948183747461796e-04 1.826350879586529502e-03 4.750755551950271681e-03
1.899919074628647842e+00 4.960335033863989699e-04 1.830427423391760592e-03 4.790311908152359091e-03
1.946856183523241635e+00 4.974150148271386154e-04 1.838377723078020399e-03 4.820888017740315029e-03
1.994952864012648819e+00 5.000676776672292791e-04 1.844998086428902700e-03 4.880786864930613048e-03
2.044237763073965652e+00 5.052792421306457997e-04 1.838073332406527398e-03 4.842905826778209910e-03
2.094740235401950645e+00 5.104608736762897498e-04 1.836448030091088982e-03 4.805501357067329046e-03
2.146490360893040794e+00 5.099138089171557746e-04 1.840429090639467483e-03 4.812811112398838673e-03
2.199518962561312296e+00 5.071598312376036791e-04 1.833215435600686833e-03 4.836607437442906263e-03
2.253857624897045220e+00 5.086720521546171572e-04 1.828962486614537459e-03 4.831846661868573721e-03
2.309538712678839811e+00 5.143708228424152947e-04 1.857097484387736780e-03 4.858913667038701478e-03
2.366595390250475273e+00 5.169695965877271803e-04 1.880232844894202471e-03 4.923644753571712433e-03
2.425061641274004920e+00 5.152222686389617374e-04 1.882824692199234302e-03 4.908752938375806479e-03
2.484972288970843657e+00 5.141818548563876655e-04 1.869907127450053629e-03 4.945750937861699385e-03
2.546363016862909667e+00 5.211297723135135474e-04 1.870866355489102890e-03 5.016873898183004353e-03
2.609270390026170006e+00 5.243989336854295658e-04 1.878742297787543841e-03 4.948199847575142363e-03
2.673731876869256396e+00 5.214495985847886162e-04 1.884541916216892713e-03 4.966048177587442831e-03
2.739785871450098664e+00 5.139624078852899659e-04 1.877823664591357026e-03 4.967542658116213573e-03
2.807471716343918011e+00 5.154862914609897873e-04 1.850777509485111716e-03 4.955588218435441096e-03
2.876829726076139515e+00 5.155667940161489087e-04 1.873129934046586457e-03 4.923559758997139539e-03
2.947901211134224209e+00 5.136062086007768448e-04 1.882084538831610638e-03 4.943628941679729244e-03
3.020728502572707086e+00 5.090160389414843077e-04 1.878891130067908205e-03 4.925482934058057587e-03
3.095354977226092430e+00 5.050683771018550693e-04 1.891213550552995216e-03 4.893513413515953626e-03
3.171825083544637547e+00 5.111020251562511463e-04 1.911338001728725075e-03 4.902841958363142981e-03
3.250184368068394836e+00 5.149090967692301337e-04 1.913060520964281761e-03 4.944585381831807097e-03
3.330479502555294236e+00 5.077865055457306915e-04 1.918495423628473326e-03 4.961141453571547150e-03
3.412758311779421572e+00 4.988964054962217532e-04 1.891806170556815849e-03 4.944479250758476371e-03
3.497069802016041784e+00 5.002358191868305900e-04 1.875516741046335872e-03 4.949352799990963843e-03
3.583464190230342794e+00 5.087582472710240741e-04 1.863257498813409088e-03 4.957489371255363944e-03
3.671992933987281216e+00 5.132590956157727455e-04 1.860091480834553945e-03 4.870531183171059042e-03
3.762708762100343662e+00 5.052521594823577468e-04 1.859166994552102553e-03 4.837452983533727449e-03
3.855665706037477491e+00 5.007475904550027709e-04 1.858641538151804438e-03 4.822257874503094004e-03
3.950919132102903575e+00 5.129040978182845129e-04 1.855605457502300555e-03 4.753089926095003907e-03
4.048525774413969103e+00 5.225599269052419275e-04 1.859835268418953734e-03 4.748636478085906457e-03
4.148543768692692701e+00 5.151597056066437030e-04 1.851140991133932772e-03 4.733348160208451609e-03
4.251032686892105339e+00 5.034123578399283270e-04 1.845430913993410154e-03 4.726806467111640229e-03
4.356053572678060704e+00 4.993001100905605219e-04 1.843032568144593528e-03 4.628871096110543683e-03
4.463668977787585312e+00 5.122418943275445060e-04 1.830733131480774155e-03 4.642765850764397385e-03
4.573942999285467437e+00 5.147506317906846724e-04 1.839376716588638676e-03 4.680669266430905265e-03
4.686941317741262658e+00 5.069006564696210831e-04 1.835737575893975782e-03 4.670748481016544044e-03
4.802731236349449873e+00 5.026439560614919021e-04 1.842777021465122518e-03 4.602129296919286842e-03
4.921381721016047095e+00 5.176035558591916266e-04 1.846784317110834956e-03 4.625488125757568070e-03
5.042963441435556859e+00 5.269263844501596850e-04 1.840929144298244190e-03 4.634734848224841657e-03
5.167548813182710532e+00 5.177496124763878230e-04 1.843435487080114562e-03 4.705937714421661901e-03
5.295212040844075041e+00 4.980864599507271511e-04 1.839916699763360789e-03 4.649383389991406344e-03
5.426029162215227686e+00 4.945211838716547089e-04 1.830602705481681504e-03 4.672565814656764842e-03
5.560078093589800652e+00 5.056394145562115175e-04 1.830890050818006001e-03 4.668351419832491092e-03
5.697438676167393190e+00 5.090214331135734524e-04 1.818162762547585092e-03 4.714186450513539219e-03
5.838192723607971146e+00 4.928498847860952577e-04 1.821246890733610891e-03 4.687297772589669315e-03
5.982424070761099166e+00 4.853958801702149342e-04 1.806496095742784677e-03 4.654927598369421396e-03
6.130218623599007266e+00 5.051349100238570165e-04 1.818915367728545038e-03 4.664266038437075816e-03
6.281664410383254626e+00 5.184111067696824853e-04 1.820556419207663024e-03 4.660988616162484340e-03
6.436851634095445363e+00 5.016177335313164089e-04 1.802300053356702689e-03 4.690136791904756311e-03
6.595872726163246824e+00 4.781971958461092164e-04 1.806503676781891698e-03 4.684466283507642687e-03
6.758822401513666200e+00 4.700800232722159673e-04 1.778536148105340324e-03 4.619538643787341435e-03
6.925797714986464904e+00 4.916194152956053021e-04 1.780350799474402683e-03 4.626776421879286692e-03
7.096898119141198613e+00 4.975915442130264500e-04 1.783999850979406171e-03 4.594106516624035796e-03
7.272225523492395816e+00 4.779469739325582257e-04 1.773068577016788123e-03 4.569600162203836351e-03
7.451884355208123090e+00 4.763992647412315586e-04 1.779605132760314536e-03 4.610842375563485238e-03
7.635981621308095768e+00 5.007715861630152683e-04 1.788532604615843081e-03 4.650174159819993151e-03
7.824626972398384339e+00 5.150038887526520821e-04 1.788180683052106520e-03 4.652076356350755976e-03
8.017932767980664011e+00 4.972522308728603282e-04 1.758505747586142564e-03 4.603401929283009071e-03
8.216014143374929191e+00 4.726236761874548021e-04 1.740630106941433962e-03 4.624529093286261147e-03
8.418989078295506800e+00 4.671705747582731894e-04 1.735385326099056925e-03 4.579364320967832871e-03
8.626978467121233507e+00 4.909533339128395717e-04 1.726493178444111001e-03 4.602516895682753732e-03
8.840106190901643402e+00 5.013187514551759169e-04 1.732521134432945566e-03 4.605397189057432693e-03
9.058499191142049156e+00 4.794465684663645473e-04 1.722476688598029203e-03 4.563735264090657516e-03
9.282287545411469054e+00 4.732981833303347261e-04 1.720044537338791084e-03 4.627221380562360209e-03
9.511604544818441198e+00 5.016734485248383699e-04 1.740156994230353726e-03 4.602418959914335132e-03
9.746586773400844450e+00 5.178211818917831171e-04 1.740684877931853456e-03 4.588306171446906480e-03
9.987374189477048247e+00 4.990960695345444433e-04 1.725325990879490430e-03 4.578033380603915153e-03
1.023411020900682011e+01 4.725706218210452402e-04 1.724102479245873598e-03 4.550113136546138706e-03
1.048694179101160628e+01 4.683509899364037108e-04 1.710873036671914978e-03 4.517791300100824567e-03
1.074601952510519531e+01 4.916470191400243136e-04 1.711278742604801107e-03 4.447976903694398146e-03
1.101149772118672132e+01 5.016696783125058250e-04 1.702381511090046359e-03 4.404926844734846289e-03
1.128353450134954805e+01 4.779450112548937917e-04 1.692606060047909065e-03 4.427540871035158705e-03
1.156229189406074553e+01 4.718599838187585932e-04 1.703578659086413998e-03 4.387491025419033505e-03
1.184793593066724249e+01 4.996637159253177439e-04 1.706165860512901542e-03 4.377603637455485842e-03
1.214063674428615869e+01 5.143140505801960466e-04 1.701146389861616466e-03 4.382607255576470746e-03
1.244056867113817333e+01 4.985789560666388986e-04 1.691472514518697467e-03 4.390900105736213720e-03
1.274791035438435038e+01 4.707925261044830999e-04 1.672089215089998413e-03 4.352131684621938536e-03
1.306284485052819733e+01 4.660558393355052282e-04 1.666794470701384858e-03 4.321096606197636324e-03
1.338555973844639446e+01 4.877589488453834229e-04 1.667349435240164483e-03 4.328123320907160780e-03
1.371624723111307631e+01 4.987650251532493558e-04 1.667024260252250763e-03 4.274436590967665810e-03
1.405510429008426598e+01 4.776240449237728787e-04 1.660932158618917426e-03 4.263747860008541835e-03
1.440233274281060361e+01 4.693760343074587023e-04 1.661954954127742301e-03 4.353394727615651771e-03
1.475813940284827197e+01 4.970555896025272190e-04 1.657027297478796306e-03 4.351915765672394014e-03
1.512273619303970840e+01 5.112373269798070521e-04 1.642828302670610620e-03 4.334443594525792635e-03
1.549634027173745920e+01 4.967612573295521671e-04 1.649063686690231461e-03 4.335399782939034982e-03
1.587917416214640731e+01 4.696826367237409727e-04 1.651121741964341931e-03 4.332938284181435049e-03
1.627146588486126433e+01 4.674516138183680623e-04 1.654752306741590247e-03 4.312966067805498738e-03
1.667344909367855621e+01 4.861812987928515440e-04 1.668718612247211720e-03 4.351153764029322413e-03
1.708536321476364961e+01 4.986863693947496271e-04 1.673965689410403896e-03 4.374935614494618319e-03
1.750745358925593820e+01 4.757247198710609420e-04 1.659236861590925689e-03 4.398912112554682202e-03
1.793997161939707397e+01 4.677937038241291169e-04 1.665959591216909907e-03 4.427735086659856725e-03
1.838317491826924055e+01 4.937277847057451640e-04 1.670339394146369040e-03 4.428692251855870926e-03
1.883732746323267193e+01 5.062217990015466240e-04 1.679158599403726779e-03 4.412788329658975418e-03
1.930269975315385977e+01 4.959213662317907409e-04 1.680282900521516036e-03 4.445921938912371710e-03
1.977956896951799592e+01 4.736002345773536004e-04 1.690303008601643691e-03 4.471444020095871781e-03
2.026821914152169413e+01 4.643869587929813788e-04 1.694623718672261378e-03 4.477072567798167334e-03
2.076894131524429810e+01 4.781063407989570406e-04 1.722049392273697268e-03 4.470547828074921196e-03
2.128203372699851670e+01 4.896468015493100467e-04 1.724238092666418492e-03 4.492576123302137459e-03
2.180780198096364586e+01 4.724117782985435068e-04 1.730859545304245075e-03 4.569497491654087723e-03
2.234655923120721255e+01 4.718860807166491049e-04 1.724565173917541779e-03 4.517725334510551416e-03
2.289862636820339148e+01 4.921125949332583183e-04 1.728116232551213556e-03 4.587287249180376641e-03
2.346433220995934121e+01 5.125417126046190146e-04 1.761545744773370141e-03 4.686153091092398575e-03
2.404401369786327081e+01 4.968219461856899577e-04 1.732906151709060231e-03 4.719611620093806456e-03
2.463801609737091880e+01 4.775372772733004487e-04 1.736746773212287549e-03 4.757258965051908498e-03
2.524669320364981928e+01 4.683475588734216963e-04 1.732152954817413977e-03 4.807736155101200934e-03
2.587040755230423983e+01 4.734095114286078444e-04 1.728323858741508817e-03 4.812235793938084323e-03
2.650953063530574738e+01 4.827587330420155041e-04 1.742689113870735931e-03 4.905175038107471505e-03
2.716444312225844726e+01 4.738052515888044173e-04 1.749438290021362473e-03 4.903517810290570350e-03
2.783553508713050917e+01 4.763121243820588545e-04 1.744724598304187458e-03 4.899358495418564170e-03
2.852320624058703302e+01 4.920713137015876679e-04 1.752484062904558848e-03 4.928412777180550888e-03
2.922786616806266835e+01 5.025824238618014587e-04 1.764668148467560781e-03 4.927861784692606426e-03
2.994993457371574408e+01 5.039451086659276022e-04 1.783452466547605711e-03 4.906582339296305072e-03
3.068984153040926799e+01 4.965965798279645864e-04 1.800438542233896580e-03 4.885564312242021527e-03
3.144802773586762967e+01 4.896429589753648146e-04 1.806701462800611819e-03 4.877988913344274979e-03
3.222494477516159606e+01 4.919409086713826679e-04 1.820627398155813233e-03 4.873842539041826558e-03
3.302105538967799703e+01 5.004011316864051973e-04 1.836775011945641651e-03 4.881259608209201524e-03
3.383683375273415805e+01 5.141198873145994561e-04 1.852205934445162521e-03 4.889960463052207308e-03
3.467276575200143185e+01 5.579550622132295294e-04 1.880518370978755171e-03 4.912509949547943545e-03
3.552934927890587602e+01 6.092245165307258589e-04 1.925773642496114669e-03 4.957070623295953965e-03
3.640709452517855027e+01 6.512419056949369026e-04 1.958647090583865054e-03 5.000662176219976447e-03
3.730652428673199239e+01 6.711741986538378134e-04 1.985457625686776195e-03 5.003368388945371795e-03
3.822817427504394772e+01 6.611912686785431648e-04 1.995793585207268107e-03 4.960039801632209686e-03
3.917259343623376822e+01 6.276010947085697463e-04 2.013417782288795359e-03 4.974101975447739812e-03
4.014034427802135241e+01 5.982677490660546094e-04 2.022973637132353779e-03 5.036503079876848525e-03
4.113200320476391880e+01 5.955712471082864499e-04 2.042387426576256632e-03 5.086271060232898378e-03
4.214816086076942270e+01 6.734594613011272383e-04 2.122229983723041176e-03 5.108230239763078377e-03
4.318942248209162216e+01 8.318910929228212061e-04 2.242803377117748298e-03 5.234184545900129153e-03
4.425640825701616166e+01 1.038488105195755924e-03 2.446424580457704900e-03 5.312004378122011511e-03
4.534975369545237101e+01 1.262920077660517615e-03 2.723980609550871127e-03 5.413532289865803648e-03
4.647011000745082043e+01 1.464025956088854013e-03 3.022952153360118632e-03 5.521158932518047992e-03
4.761814449107207992e+01 1.603400253772475524e-03 3.246853052114384054e-03 5.634901390432520835e-03
4.879454092983766600e+01 1.630442616486596757e-03 3.308869885712167110e-03 5.681507733378370756e-03
4.999999999999999289e+01 1.490598387655343469e-03 3.153082365540071930e-03 5.744072213157621135e-03
