1.000000000000000021e-02 1.492714939115857886e-05 4.283579960700652879e-05 8.001593576273552681e-05
1.021002147458398637e-02 1.446199917087613439e-05 4.136741799007983026e-05 7.630776971153101652e-05
1.042445385114661519e-02 1.400411411310835345e-05 3.994249837227484994e-05 7.282871135650888261e-05
1.064338976810166870e-02 1.358148777011105259e-05 3.836819698811188054e-05 7.055027670006258221e-05
1.086692380946855177e-02 1.314867334535150361e-05 3.695923997287293592e-05 6.798300125470351082e-05
1.109515254573419270e-02 1.274056674598713093e-05 3.569880460835788929e-05 6.514236426300445157e-05
1.132817457557312897e-02 1.236559445282928636e-05 3.454331316409289495e-05 6.307063712401987405e-05
1.156609056844379833e-02 1.206602847778440845e-05 3.335263906890891173e-05 6.121020980702031376e-05
1.180900330807944931e-02 1.166419540331171957e-05 3.209074639881670158e-05 5.995776946215897624e-05
1.205701773689245131e-02 1.133654484750725792e-05 3.125910838841973341e-05 5.747172072943380195e-05
1.231024100131119375e-02 1.104216935354492597e-05 3.014222415998898220e-05 5.589740331176823619e-05
1.256878249806915593e-02 1.079958479895383112e-05 2.947514681700473912e-05 5.443265835620781691e-05
1.283275392146614353e-02 1.052635171059052266e-05 2.876562268000549177e-05 5.344199880700994471e-05
1.310226931162212019e-02 1.025768933725207004e-05 2.806093825921515325e-05 5.276548189164894704e-05
1.337744510374445917e-02 1.003797008576746530e-05 2.756548281275998812e-05 5.181761857772974428e-05
1.365840017842993165e-02 9.848419386385634866e-06 2.707422116320494271e-05 5.073759407527264381e-05
1.394525591302313641e-02 9.652125781699824248e-06 2.646615075871148424e-05 5.002894189477891058e-05
1.423813623405355278e-02 9.469690317251168636e-06 2.600796090064796739e-05 4.868240400698894770e-05
1.453716767077391399e-02 9.340086028017898948e-06 2.563739695404605839e-05 4.723327739318000656e-05
1.484247940982297460e-02 9.194999037797794766e-06 2.520165693879692831e-05 4.643688144746449780e-05
1.515420335103632131e-02 9.087222660229155063e-06 2.492007563697206665e-05 4.534556011079791894e-05
1.547247416442934509e-02 8.958665357281812833e-06 2.463574435196105367e-05 4.460096813872204964e-05
1.579742934837695401e-02 8.893420423115857507e-06 2.434638739534307933e-05 4.429996567246835776e-05
1.612920928901519918e-02 8.790721749509513587e-06 2.402877476738146030e-05 4.391363966446235365e-05
1.646795732089047226e-02 8.685788145566065771e-06 2.383412937208827061e-05 4.376108366232696106e-05
1.681381978888241840e-02 8.640315116794693384e-06 2.364656407248670090e-05 4.351887528325444404e-05
1.716694611142747032e-02 8.556768676389857342e-06 2.349473971676304136e-05 4.302603340132343926e-05
1.752748884507005292e-02 8.471931137436874946e-06 2.330162289818978754e-05 4.269904943951661396e-05
1.789560375036965134e-02 8.395723506642717874e-06 2.311269137042135701e-05 4.210625855801236177e-05
1.827144985919198356e-02 8.359097373481425404e-06 2.292701958261922357e-05 4.188753823912231953e-05
1.865518954341347305e-02 8.300574534898097959e-06 2.277712061951551054e-05 4.192866066952642684e-05
1.904698858506861936e-02 8.267096610811113029e-06 2.282917074453133494e-05 4.186448986952062370e-05
1.944701624797066583e-02 8.215016211235186061e-06 2.272937480732463406e-05 4.195386745454851633e-05
1.985544535083641829e-02 8.182085286462551318e-06 2.265428120355616838e-05 4.164810815422374796e-05
2.027245234194685955e-02 8.150652745683031013e-06 2.269194585498959373e-05 4.109343197532881303e-05
2.069821737537578740e-02 8.115119988336287862e-06 2.270881703866795359e-05 4.078210952650958987e-05
2.113292438881941848e-02 8.121253717747668567e-06 2.273764970464809253e-05 4.047708350788701919e-05
2.157676118306059085e-02 8.115472804654039538e-06 2.269393469682913955e-05 4.058592394959357021e-05
2.202991950310188157e-02 8.083081669835452367e-06 2.250296337096675285e-05 4.087822525883412516e-05
2.249259512100268074e-02 8.053785893282179120e-06 2.254674365354277142e-05 4.076381705026611732e-05
2.296498792045603698e-02 8.047815627661553367e-06 2.239146675211770574e-05 4.043840486162128041e-05
2.344730198314179739e-02 8.025914931351023742e-06 2.240952347599951163e-05 4.016345119331589879e-05
2.393974567689334532e-02 8.016681530931088647e-06 2.232675665821236001e-05 4.018537878964640036e-05
2.444253174571602016e-02 7.991288545080034762e-06 2.241418876704479032e-05 4.019452133140595057e-05
2.495587740169613600e-02 7.973041832560725500e-06 2.247332640645036733e-05 4.003762887941907675e-05
2.548000441884027550e-02 7.931126095781578129e-06 2.246770154643901754e-05 3.995557537147644212e-05
2.601513922888541025e-02 7.925073411580121799e-06 2.266717206869316465e-05 3.991340024746009590e-05
2.656151301912123078e-02 7.931718865444328014e-06 2.277476033958864921e-05 3.958065529068328513e-05
2.711936183226698951e-02 7.927103246125462527e-06 2.279917924644316474e-05 3.955576245630173870e-05
2.768892666844592967e-02 7.921562206472059943e-06 2.272905175973898354e-05 3.946037435955205696e-05
2.827045358930141764e-02 7.940007114349172788e-06 2.262541612483994315e-05 3.934722831261959123e-05
2.886419382429974284e-02 7.938507710102406822e-06 2.263635409020678608e-05 3.959535793831762642e-05
2.947040387926548252e-02 7.940418446365528202e-06 2.248799943985879470e-05 3.990047088536498944e-05
3.008934564719637980e-02 7.927912686477328906e-06 2.239961995415439545e-05 4.019598140347507853e-05
3.072128652140552335e-02 7.928903368540711054e-06 2.246923039190236175e-05 4.040268093210543034e-05
3.136649951103979983e-02 7.946252208006137504e-06 2.254023802398813779e-05 4.083264238655796727e-05
3.202526335902442650e-02 7.963178054578725582e-06 2.270840168239714928e-05 4.160012331032503967e-05
3.269786266248470713e-02 7.981415810070127451e-06 2.269056471846323658e-05 4.197674829389544735e-05
3.338458799569667818e-02 8.011811376127060734e-06 2.274878936456232458e-05 4.221930210349327352e-05
3.408573603562018578e-02 8.016705016266433608e-06 2.287882515800799283e-05 4.271077478600002208e-05
3.480160969006833305e-02 8.079802621906132342e-06 2.300524922425386534e-05 4.362493440374251932e-05
3.553251822856878100e-02 8.102839269656633272e-06 2.310865258285012681e-05 4.375012350769906267e-05
3.627877741597342054e-02 8.155796792477968963e-06 2.350144512011878047e-05 4.337595004688223277e-05
3.704070964887411915e-02 8.205034587742373982e-06 2.363024152778875190e-05 4.392263889125899977e-05
3.781864409488350232e-02 8.246698686914707345e-06 2.388980375899697200e-05 4.504591491877400202e-05
3.861291683484094350e-02 8.283278563692253151e-06 2.394286202089228462e-05 4.500953186889274809e-05
3.942387100800515132e-02 8.356485243156825922e-06 2.400010410338289038e-05 4.514971187656572927e-05
4.025185696029616456e-02 8.349904278775150283e-06 2.424365172755405990e-05 4.575574253638534306e-05
4.109723239565067632e-02 8.378882924531187745e-06 2.441587481732270760e-05 4.520025949137760517e-05
4.196036253055620419e-02 8.361248703976921053e-06 2.468190611559369663e-05 4.544396070798860398e-05
4.284162025183081007e-02 8.393761316615307462e-06 2.490627351846684280e-05 4.700248608840057766e-05
4.374138627771648191e-02 8.400897348258241307e-06 2.513782023280098805e-05 4.779298563711241986e-05
4.466004932235585756e-02 8.470528601708894931e-06 2.526272728174983818e-05 4.813431910887113987e-05
4.559800626372333132e-02 8.513981757507209182e-06 2.527582390172409849e-05 4.788174365339091249e-05
4.655566231508303371e-02 8.564374205815908754e-06 2.519780504971270407e-05 4.841396658875966028e-05
4.753343120004781958e-02 8.569672063232065289e-06 2.529429736735251869e-05 4.841192055214178547e-05
4.853173533131487083e-02 8.569125673750125705e-06 2.518832211007380944e-05 4.869530999191295817e-05
4.955100599315512278e-02 8.588403808018666124e-06 2.512297828622890225e-05 4.903886574602841532e-05
5.059168352773536076e-02 8.537834970067133532e-06 2.497149340257034890e-05 4.912868487468500763e-05
5.165421752535349215e-02 8.562664826544653490e-06 2.492365982062267452e-05 4.827166324321898469e-05
5.273906701866916402e-02 8.573942181864803482e-06 2.476199537005935433e-05 4.830720697909958032e-05
5.384670068101362478e-02 8.566385428653855991e-06 2.458886183769475899e-05 4.777576954702669743e-05
5.497759702886452493e-02 8.576783464891001509e-06 2.458263466169837799e-05 4.726335819956512701e-05
5.613224462857315661e-02 8.649383707132807161e-06 2.472084195467188946e-05 4.745246127787338682e-05
5.731114230743335203e-02 8.679990571765600581e-06 2.488366077006062477e-05 4.778362643839892941e-05
5.851479936918333596e-02 8.742529909758639674e-06 2.479026935995599270e-05 4.787719993891165481e-05
5.974373581403354116e-02 8.765667777052389085e-06 2.525013202770717437e-05 4.822227900985823359e-05
6.099848256331548424e-02 8.884343243965621011e-06 2.570665241148590313e-05 4.828398334970432246e-05
6.227958168884879103e-02 8.997247893183186123e-06 2.587612404263960820e-05 4.908497858979507370e-05
6.358758664712538256e-02 9.048612859427183512e-06 2.633405100671167405e-05 4.952941751425218826e-05
6.492306251841201137e-02 9.144195039302846414e-06 2.640278601898600201e-05 4.979610425833933663e-05
6.628658625087452405e-02 9.185140117945354089e-06 2.669581624643590107e-05 5.086393603195823917e-05
6.767874690982925157e-02 9.243879551557557492e-06 2.693039194390575499e-05 5.096881073779953737e-05
6.910014593222912893e-02 9.330928653351563102e-06 2.742989472522450013e-05 5.214312585174797371e-05
7.055139738649467140e-02 9.481797273498710299e-06 2.780066354506629967e-05 5.384563067570862134e-05
7.203312823780190499e-02 9.578121005429259040e-06 2.842950306944510511e-05 5.464122021113302751e-05
7.354597861894196509e-02 9.669399590047167569e-06 2.902174254082249530e-05 5.537381450501153274e-05
7.509060210686921422e-02 9.808133297678160977e-06 2.933063014555120965e-05 5.591953511141593689e-05
7.666766600505761642e-02 9.891234139783000343e-06 2.976384835692364711e-05 5.650397384956471440e-05
7.827785163178710426e-02 1.009168161482012683e-05 3.013465086180885889e-05 5.672873252391535530e-05
7.992185461448454709e-02 1.016413730018771691e-05 3.044693082190221516e-05 5.635009639390173200e-05
8.160038519024664927e-02 1.019497086388804510e-05 3.082651020736615523e-05 5.620414184255194471e-05
8.331416851267432755e-02 1.027557666822616033e-05 3.101736908855612986e-05 5.615413141373992083e-05
8.506394496515139181e-02 1.036298442636111532e-05 3.109289494557247637e-05 5.608535843425639249e-05
8.685047048070260178e-02 1.059079280655025955e-05 3.115238450137612804e-05 5.745144274080908484e-05
8.867451686856961390e-02 1.072500155922123236e-05 3.147497864423171032e-05 5.740954598091322280e-05
9.053687214764558067e-02 1.089624420773530752e-05 3.198541042639623769e-05 6.000242363774887632e-05
9.243834088691260664e-02 1.117324804735564662e-05 3.290792778425184539e-05 6.137901197568338069e-05
9.437974455302927668e-02 1.133187366330112164e-05 3.340953536043125708e-05 6.299591836906440526e-05
9.636192186521798375e-02 1.149365258093182952e-05 3.395030004732122950e-05 6.390035632138501719e-05
9.838572915760598891e-02 1.166306627873545335e-05 3.442105860499487493e-05 6.535181938654936588e-05
1.004520407491760470e-01 1.171074200592165758e-05 3.516778501606008140e-05 6.672267045217044148e-05
1.025617493214873027e-01 1.182922768147424454e-05 3.579124058748188594e-05 6.771106106240528408e-05
1.047157663043284948e-01 1.200271950983793477e-05 3.628689168776023477e-05 6.995968604010525710e-05
1.069150222694712216e-01 1.229159707313176365e-05 3.670187276989919141e-05 7.057121321973489016e-05
1.091604673326926206e-01 1.251313153435826861e-05 3.752908164803449021e-05 7.201474348299254319e-05
1.114530715642415432e-01 1.274330007991575485e-05 3.796548793790043149e-05 7.328727643805731866e-05
1.137938254079251948e-01 1.285322897221081092e-05 3.829503981537290733e-05 7.719113375322592932e-05
1.161837401089977073e-01 1.302394761061560709e-05 3.945594711882156300e-05 7.873355538397507633e-05
1.186238481510351467e-01 1.326981513715719296e-05 4.026722030605723001e-05 8.162847366750479417e-05
1.211152037019858768e-01 1.346204864223423857e-05 4.093609358619273254e-05 8.324246629391964154e-05
1.236588830695889707e-01 1.366214527766614721e-05 4.163510351775803568e-05 8.530567011578211610e-05
1.262559851663573596e-01 1.395746805589467648e-05 4.222146026707356025e-05 8.652610785969199424e-05
1.289076319843265872e-01 1.427627782388022788e-05 4.370681143429097306e-05 8.751753665804166385e-05
1.316149690797743799e-01 1.443022215466000471e-05 4.501195657735525648e-05 8.629201734966997933e-05
1.343791660681203926e-01 1.476485538407688160e-05 4.530802803583306864e-05 8.887935255727181583e-05
1.372014171292196827e-01 1.517100138364939785e-05 4.639850869275374443e-05 9.098210600953400020e-05
1.400829415232688335e-01 1.542038799501489884e-05 4.692322381117579409e-05 9.003457999184579560e-05
1.430249841175467440e-01 1.574213956183365348e-05 4.724481963979691501e-05 9.212190862817932373e-05
1.460288159242185968e-01 1.587242112091246055e-05 4.831127213179009630e-05 9.547757075013977104e-05
1.490957346494343749e-01 1.592367199834456704e-05 4.880199430078189583e-05 9.915798516117659434e-05
1.522270652539600699e-01 1.595772732285210871e-05 4.998401386732585436e-05 9.997844798804779193e-05
1.554241605255829994e-01 1.604802439163166507e-05 5.070220012291624137e-05 1.000663791591569255e-04
1.586884016635391192e-01 1.639646768754040177e-05 5.103971475672150520e-05 1.022097842958708393e-04
1.620211988752143506e-01 1.690738988700126076e-05 5.200267434984307073e-05 1.029492766404414638e-04
1.654239919853781604e-01 1.710410192741128549e-05 5.248424097015625122e-05 1.093405420965433612e-04
1.688982510582120178e-01 1.732041643283917725e-05 5.311829388695312571e-05 1.132802993498581066e-04
1.724454770324022057e-01 1.781131041236857888e-05 5.416955663671106506e-05 1.162555519321028765e-04
1.760672023695706301e-01 1.801380265785687887e-05 5.610438414431203285e-05 1.222977866036488329e-04
1.797649917163240685e-01 1.831316337970274055e-05 5.796689704686693679e-05 1.230134604573790630e-04
1.835404425802081019e-01 1.845727915652282142e-05 5.987324489385657112e-05 1.253305975626481752e-04
1.873951860198573849e-01 1.902466044081155985e-05 6.131403346947365536e-05 1.319001163550987950e-04
1.913308873496404605e-01 1.958859372838813259e-05 6.269427233164903235e-05 1.347137217749415816e-04
1.953492468591038755e-01 2.007676081881015626e-05 6.395587850176302780e-05 1.376687566633063361e-04
1.994520005475258762e-01 2.034362121439001252e-05 6.436186296507482240e-05 1.300807796705401808e-04
2.036409208738976240e-01 2.042588999417858958e-05 6.563551856302698225e-05 1.300571649075616646e-04
2.079178175226553127e-01 2.051404984584312462e-05 6.521868648787889678e-05 1.324411691708209755e-04
2.122845381854945590e-01 2.071492878143042887e-05 6.739786817334527205e-05 1.395029157718114443e-04
2.167429693596043538e-01 2.067505069178357283e-05 6.631097178732601820e-05 1.429070322851386254e-04
2.212950371626659363e-01 2.106486306851924726e-05 6.530565204115842449e-05 1.448668591753845701e-04
2.259427081649679481e-01 2.139397328742843841e-05 6.636094561722340830e-05 1.467531070155029681e-04
2.306879902389985249e-01 2.161860764420532014e-05 6.802775695216477160e-05 1.495519101125949795e-04
2.355329334268796149e-01 2.167507490520215641e-05 6.998664338617231837e-05 1.555764692913421852e-04
2.404796308260201132e-01 2.188551308892983463e-05 7.136051148127785834e-05 1.538989876985851065e-04
2.455302194933694504e-01 2.204465626927051237e-05 7.068093256524028863e-05 1.499366250949318803e-04
2.506868813686621844e-01 2.252747594837343849e-05 7.173405612991298828e-05 1.523807925059672379e-04
2.559518442170529151e-01 2.307222506488972109e-05 7.590284315932117692e-05 1.549256310267615902e-04
2.613273825915485293e-01 2.358625436320202452e-05 7.818085641064641972e-05 1.681135510341326379e-04
2.668158188156535826e-01 2.399648997709327367e-05 8.116194310890018397e-05 1.690014858360795410e-04
2.724195239866533114e-01 2.392114835183224304e-05 8.054337599415659044e-05 1.747117752771506658e-04
2.781409189999677900e-01 2.408553916904459304e-05 7.872154590107885159e-05 1.727790182531954981e-04
2.839824755950196011e-01 2.399060401766214595e-05 7.815848839881285365e-05 1.737526025681710318e-04
2.899467174230673239e-01 2.479244432873260628e-05 8.076154216398046665e-05 1.859390468344953033e-04
2.960362211374651942e-01 2.520950044784071178e-05 8.244520074878703363e-05 1.885851179956700766e-04
3.022536175068213371e-01 2.565911757929606091e-05 8.333978132563240357e-05 1.785293492624904815e-04
3.086015925515340208e-01 2.551103050141326461e-05 8.245236826172207712e-05 1.791152248768165854e-04
3.150828887041979831e-01 2.599541629644568755e-05 8.683589968441873916e-05 1.832998665879520539e-04
3.217003059943817633e-01 2.638711744687927200e-05 9.347954576536737846e-05 1.901076269611412484e-04
3.284567032582877411e-01 2.668159522999686377e-05 9.466461065566917905e-05 1.975241612197697135e-04
3.353549993738177970e-01 2.701695757750738672e-05 9.351763512575308936e-05 1.982919565130578218e-04
3.423981745215778916e-01 2.682742316550115389e-05 9.197546360491483310e-05 2.099793710049166788e-04
3.495892714723665695e-01 2.728347977793584475e-05 9.685220791223049617e-05 2.208235187751928169e-04
3.569313969017033905e-01 2.803062417046334225e-05 9.918315157578802901e-05 2.215784329128806993e-04
3.644277227319651646e-01 2.783463349887520911e-05 9.600813303922414775e-05 1.993451054996824186e-04
3.720814875027103064e-01 2.731917667043679834e-05 9.566417250707352413e-05 2.049995566834556871e-04
3.798959977697825563e-01 2.792694437069456620e-05 1.031778344593956031e-04 2.258445661945024982e-04
3.878746295337989758e-01 2.859554478221689304e-05 1.048192072725626800e-04 2.247112593662448142e-04
3.960208296986395538e-01 2.815760499589664705e-05 9.912055008523517469e-05 2.142170365924427522e-04
4.043381175605677558e-01 2.809093352760726081e-05 1.001659315506128398e-04 2.268191167142886088e-04
4.128300863286261113e-01 2.820209647308393838e-05 1.057334065119651747e-04 2.394912821912146379e-04
4.215004046769633694e-01 2.837491200440043560e-05 1.038083650903328634e-04 2.296900368687213782e-04
4.303528183297636867e-01 2.790636026889460193e-05 9.928304724142083583e-05 2.213317240211479524e-04
4.393911516794627992e-01 2.731180967132092554e-05 1.022507869982238648e-04 2.324013858285994838e-04
4.486193094389504532e-01 2.797223255890274419e-05 1.061983549357236771e-04 2.389338732732737731e-04
4.580412783284723011e-01 2.816666266571953291e-05 1.004438842530351334e-04 2.273016094317877067e-04
4.676611287979602349e-01 2.799296005087335284e-05 9.961653014838114408e-05 2.235639840324762722e-04
4.774830167855361740e-01 2.808042051051581826e-05 1.029202456748799050e-04 2.295595400946946914e-04
4.875111855129470317e-01 2.843609868205643318e-05 1.014477972047432656e-04 2.242756126545044834e-04
4.977499673187086859e-01 2.794522719840208093e-05 9.770328635987192759e-05 2.318136455466817954e-04
5.082037855297493190e-01 2.753107905301910977e-05 1.016869334615178960e-04 2.317183056434507136e-04
5.188771563723615365e-01 2.758062509808330149e-05 1.024386477170168328e-04 2.533329732517781529e-04
5.297746909232884382e-01 2.795599782402132175e-05 1.019780059127970584e-04 2.411549301869927683e-04
5.409010971017869096e-01 2.854999019435216245e-05 1.046426490668399533e-04 2.591342356262660057e-04
5.522611817035278925e-01 2.904288665764494993e-05 1.103227275498565475e-04 2.814631272527098600e-04
5.638598524772149290e-01 2.962960502886875178e-05 1.127583913717852609e-04 3.006938775169401773e-04
5.757021202448122654e-01 3.007349288900995610e-05 1.165135370354513744e-04 3.211331497882062829e-04
5.877931010663065559e-01 3.019247546797033238e-05 1.184867264983293674e-04 3.216794936869320004e-04
6.001380184499305326e-01 3.024557990132020342e-05 1.194628390635456153e-04 3.259890717523718381e-04
6.127422056088071001e-01 3.048683414356832770e-05 1.203417184394736352e-04 3.217204450825923668e-04
6.256111077649877394e-01 3.074874726365154205e-05 1.204168946661126179e-04 3.133146768931951705e-04
6.387502845018800945e-01 3.082331747860666979e-05 1.221729725469454378e-04 3.070807175461455420e-04
6.521654121660825920e-01 3.124709808761492194e-05 1.225945198114410551e-04 3.036718295474114351e-04
6.658622863196620445e-01 3.155675982379188479e-05 1.232796300405655462e-04 3.042502684025250276e-04
6.798468242439340559e-01 3.190228040973390564e-05 1.261504825985988363e-04 3.029702720472516502e-04
6.941250674958291400e-01 3.220421874227915785e-05 1.299432625246658372e-04 3.158203139720256467e-04
7.087031845179474487e-01 3.260148071173935762e-05 1.310127536938343520e-04 3.269251333944652783e-04
7.235874733034300954e-01 3.274634914959019527e-05 1.325488780573523778e-04 3.432641437038353154e-04
7.387843641167988196e-01 3.326676804259567807e-05 1.329059813544107680e-04 3.478507234517672683e-04
7.543004222719390528e-01 3.356269422195860732e-05 1.315009759217802626e-04 3.372990288194594030e-04
7.701423509684267588e-01 3.378158604592825784e-05 1.346558732645438382e-04 3.434469198907804830e-04
7.863169941874234015e-01 3.406696824973987525e-05 1.369901256142696383e-04 3.329906054585234543e-04
8.028313396483924835e-01 3.408640352221896749e-05 1.393163261406958630e-04 3.307672331257305656e-04
8.196925218279117464e-01 3.450178919103068210e-05 1.389029065788106041e-04 3.331271349210710169e-04
8.369078250418880982e-01 3.475639745135229708e-05 1.392033287068584059e-04 3.434540759946581390e-04
8.544846865925055379e-01 3.504501531043899320e-05 1.415340138130868138e-04 3.468581288942266367e-04
8.724306999812648789e-01 3.530325386682937037e-05 1.423045429360969311e-04 3.517935251031273055e-04
8.907536181895053806e-01 3.569036917577276868e-05 1.428849253524380628e-04 3.532630803818213525e-04
9.094613570278234915e-01 3.594195761268709102e-05 1.446096204901014355e-04 3.604030199238313277e-04
9.285619985558370981e-01 3.623103005240466259e-05 1.474137930938793810e-04 3.769664732687065143e-04
9.480637945737722116e-01 3.648347730569720713e-05 1.477496190747272433e-04 3.843333157118090666e-04
9.679751701873794412e-01 3.658324246421196886e-05 1.466115770810044250e-04 3.912343964418773341e-04
9.883047274477233524e-01 3.713696674542597912e-05 1.464075293241735593e-04 3.908691470738502919e-04
1.009061249067412458e+00 3.765650017523040959e-05 1.479797292950726971e-04 3.916045625868022173e-04
1.030253702214882106e+00 3.834966244493458854e-05 1.508544210713108917e-04 3.966756132005555785e-04
1.051891242388360181e+00 3.854768831403054401e-05 1.508868422888894111e-04 3.908708728828367879e-04
1.073983217371198728e+00 3.869454676597148705e-05 1.531302333570783636e-04 4.032945217647524480e-04
1.096539171270273894e+00 3.880262734938050512e-05 1.530867038185747687e-04 4.057410715619930836e-04
1.119568848639202585e+00 3.883113363878904867e-05 1.562661582333538127e-04 4.094973490671298963e-04
1.143082198688152529e+00 3.918258627154598447e-05 1.569212588987964417e-04 4.067076802485791124e-04
1.167089379582071595e+00 3.959705890534634013e-05 1.585075559738659094e-04 4.046414354062383167e-04
1.191600762829185367e+00 4.000455166554545123e-05 1.606743353626029225e-04 4.201807463287048159e-04
1.216626937761664085e+00 4.021718673643589613e-05 1.621204819015312389e-04 4.182807893830818905e-04
1.242178716110394543e+00 4.053339985728538440e-05 1.629076237847207126e-04 4.196241542855987344e-04
1.268267136675829354e+00 4.068720007642267930e-05 1.632389124095994101e-04 4.176819868439849890e-04
1.294903470096936182e+00 4.111456070066083428e-05 1.670701461535386645e-04 4.192380243206822953e-04
1.322099223720304195e+00 4.146588501405922006e-05 1.699526792925457313e-04 4.210188341580732357e-04
1.349866146571512271e+00 4.214766850919734141e-05 1.733447188860460955e-04 4.229072577100841026e-04
1.378216234430907683e+00 4.264519015565736994e-05 1.751225797979141829e-04 4.338198259887364482e-04
1.407161735015984405e+00 4.284696856445622106e-05 1.766371785080966469e-04 4.372397886376797028e-04
1.436715153272606127e+00 4.308088713564331467e-05 1.776715664071267539e-04 4.434005516571838451e-04
1.466889256777353268e+00 4.370616120252210661e-05 1.785647709367253267e-04 4.432654801031979527e-04
1.497697081253331897e+00 4.413580398962369336e-05 1.800050284153321078e-04 4.486450229442790838e-04
1.529151936201827766e+00 4.450527758292926626e-05 1.796382078917146974e-04 4.603583468623403496e-04
1.561267410652234400e+00 4.515788096785484023e-05 1.807259897631878465e-04 4.668785879381801267e-04
1.594057379032744803e+00 4.531933176459003421e-05 1.842796500067552369e-04 4.752648847268513320e-04
1.627536007164338772e+00 4.584554051987716042e-05 1.838823505237667359e-04 4.755108706429037524e-04
1.661717758380657717e+00 4.635390054138481840e-05 1.865822482957160428e-04 4.768007927432969936e-04
1.696617399776407797e+00 4.665402631406310861e-05 1.892131043399282778e-04 4.893898295823342643e-04
1.732250008586996737e+00 4.717978927212410832e-05 1.940288261470814429e-04 4.943436752022574475e-04
1.768630978702153245e+00 4.703716775921003756e-05 1.966931951298581626e-04 4.907252135988332976e-04
1.805776027316347676e+00 4.749019948495590549e-05 1.993174768046951351e-04 4.913278700568620132e-04
1.843701201718886962e+00 4.853624873871998730e-05 2.028210757543932657e-04 4.885678207269174983e-04
1.882422886226613912e+00 4.899400620219479633e-05 2.057325216050516058e-04 4.848540971400813553e-04
1.921957809262209604e+00 4.882571882622859666e-05 2.071944351199732099e-04 5.002587369825229214e-04
1.962323050581155304e+00 4.940012453991673113e-05 2.062925274983037818e-04 4.969492242501008039e-04
2.003536048650475188e+00 4.955040473688650064e-05 2.049460355296848113e-04 5.087669693829798261e-04
2.045614608182449778e+00 5.001530591708250664e-05 2.061378165654536361e-04 5.155844878846869983e-04
2.088576907826551921e+00 5.116387254401167061e-05 2.098447490533307742e-04 5.276161105589917150e-04
2.132441508022931753e+00 5.137054823374525057e-05 2.123995387679087558e-04 5.323680403499945818e-04
2.177227359020839081e+00 5.140854191524135919e-05 2.110859890575451090e-04 5.353291589855368364e-04
2.222953809065454589e+00 5.188156693657150086e-05 2.131144464348079103e-04 5.333995535460414085e-04
2.269640612756656406e+00 5.267369158971409458e-05 2.120626826750181900e-04 5.411209763128195125e-04
2.317307939583341803e+00 5.350721033555522145e-05 2.146529471962075805e-04 5.492549236362327062e-04
2.365976382636989062e+00 5.375841941491690264e-05 2.173112173678474156e-04 5.544195542925309337e-04
2.415666967508219631e+00 5.391196372495295523e-05 2.164294106185713417e-04 5.499174727501472161e-04
2.466401161370209927e+00 5.441566453737532982e-05 2.141699474465475698e-04 5.558361441883694510e-04
2.518200882252872752e+00 5.530103397058082213e-05 2.176629870614741724e-04 5.583119654281374191e-04
2.571088508511817139e+00 5.554064379703073476e-05 2.210563745018780959e-04 5.567541422070275284e-04
2.625086888496176218e+00 5.635278310041001682e-05 2.233577966608890956e-04 5.574403152581802138e-04
2.680219350419482005e+00 5.605189325148715032e-05 2.243292385436609524e-04 5.656338150379225252e-04
2.736509712437845465e+00 5.581367519759647161e-05 2.249097515399784135e-04 5.774101798369223612e-04
2.793982292939805046e+00 5.705744791315076921e-05 2.240835588873444197e-04 5.802595365907992075e-04
2.852661921052281446e+00 5.879334721667856336e-05 2.249074934622189424e-04 5.861858007887340693e-04
2.912573947367180338e+00 6.010236302459708583e-05 2.256705510714546625e-04 5.916439828860118244e-04
2.973744254893275762e+00 6.032788990733667741e-05 2.277398091645324932e-04 5.959577700817112215e-04
3.036199270238110426e+00 6.048995639180435784e-05 2.285814961885842514e-04 5.892526321874261763e-04
3.099965975024733478e+00 6.103547329800353279e-05 2.327395089898564294e-04 5.886222680404803445e-04
3.165071917548221592e+00 6.251114340375317176e-05 2.376145898053509675e-04 5.946729620408695762e-04
3.231545224677005557e+00 6.440818511243939879e-05 2.408403531433803201e-04 6.062722331209491246e-04
3.299414614004156032e+00 6.511278722541280993e-05 2.468221165985976960e-04 6.134677367583753638e-04
3.368709406253866945e+00 6.495997278468312798e-05 2.473646825049284669e-04 6.115896040334399672e-04
3.439459537948505119e+00 6.507608742822248331e-05 2.518504181783816484e-04 6.022955030673075166e-04
3.511695574341695103e+00 6.667051125352358983e-05 2.555370418976071994e-04 6.016827015008733171e-04
3.585448722623025386e+00 6.837205930146932249e-05 2.618606348807250763e-04 6.010888521631042435e-04
3.660750845400081221e+00 6.942622289359561178e-05 2.634976650805603555e-04 6.111648236319063617e-04
3.737634474463630951e+00 6.947731564151101498e-05 2.657384718337387017e-04 6.221749417409177477e-04
3.816132824841910409e+00 6.974382224471967163e-05 2.696479108312079031e-04 6.305142938312154229e-04
3.896279809150075657e+00 7.174444629328802052e-05 2.771339425550650758e-04 6.382755628673658860e-04
3.978110052241026651e+00 7.421755813344642653e-05 2.835512899410309244e-04 6.522700784915070639e-04
4.061658906163930993e+00 7.582496002944912365e-05 2.891194719124452186e-04 6.693739642861612450e-04
4.146962465436903500e+00 7.720148505174545452e-05 2.957888014571259335e-04 6.772507808190215365e-04
4.234057582640454065e+00 7.807962767169315376e-05 2.983877630616088008e-04 6.866484621433514629e-04
4.322981884338419789e+00 8.016804839650613131e-05 3.043331480004407888e-04 7.066832116075425201e-04
4.413773787333281184e+00 8.364084158676325588e-05 3.117270824071492253e-04 7.146015887424790689e-04
4.506472515262869294e+00 8.719922566800051135e-05 3.216384428202315594e-04 7.441761952577971660e-04
4.601118115545640208e+00 9.086275033410132782e-05 3.353333140972067903e-04 7.520905665533723222e-04
4.697751476681839122e+00 9.456903487465831871e-05 3.454708266566173017e-04 7.495998374670901319e-04
4.796414345918020850e+00 9.936631145318088314e-05 3.581302124560919054e-04 7.842618960668374479e-04
4.897149347282570453e+00 1.052046583834964887e-04 3.740419166361169776e-04 8.276224187936002475e-04
5.000000000000000888e+00 1.124925411768589340e-04 3.921833956838205026e-04 8.636336170131009207e-04
