1.000000000000000048e-04 1.128656755378405757e-04 2.825591857341369357e-04 4.661665570084089693e-04
1.026012337752051697e-04 1.111275948025736583e-04 2.779808666133870001e-04 4.649890373650420123e-04
1.052701317219430048e-04 1.097667292679276681e-04 2.729030599591173822e-04 4.595494714828501177e-04
1.080084539434971174e-04 1.078480118587048833e-04 2.696135859000396750e-04 4.493959989590748058e-04
1.108180063275523010e-04 1.062816400457212106e-04 2.664140139894355603e-04 4.456551997723376033e-04
1.137006417371535827e-04 1.051871870154797703e-04 2.622610132375434553e-04 4.377813540147943556e-04
1.166582612326453992e-04 1.036678716320925885e-04 2.595209777676934257e-04 4.321150604336116796e-04
1.196928153253960428e-04 1.023361986971710932e-04 2.562092990630185710e-04 4.205027862622300267e-04
1.228063052641341910e-04 1.012853224146802709e-04 2.538942306566426086e-04 4.200703152513529984e-04
1.260007843547463814e-04 1.001048835012398352e-04 2.502525970931353131e-04 4.165382801434220120e-04
1.292783593144054908e-04 9.887700144290298919e-05 2.477095483892182413e-04 4.100987133713431877e-04
1.326411916609228836e-04 9.765247231002710027e-05 2.459226032443233441e-04 4.075143603876060848e-04
1.360914991382413948e-04 9.658499685307565330e-05 2.436476752682981942e-04 4.025806560910663340e-04
1.396315571790083675e-04 9.584175038892858559e-05 2.415686404469361817e-04 3.961801460281096261e-04
1.432637004051936689e-04 9.504330056934006516e-05 2.398770553288955389e-04 3.959585090938467426e-04
1.469903241677422646e-04 9.402666745726209199e-05 2.383188334511839675e-04 3.924435238808444363e-04
1.508138861262771401e-04 9.316294427134214854e-05 2.362547055734227723e-04 3.868543179594658918e-04
1.547369078698932669e-04 9.258362543737405539e-05 2.354006180965178456e-04 3.822276164819911727e-04
1.587619765801130212e-04 9.227462668553078481e-05 2.358763639116482009e-04 3.783794805882744481e-04
1.628917467370982319e-04 9.122251987390048145e-05 2.338022486643114408e-04 3.752493730948321267e-04
1.671289418702452928e-04 9.045275147712729120e-05 2.328948290375167877e-04 3.762706493083403311e-04
1.714763563543170903e-04 8.980940590557294067e-05 2.321119242680914387e-04 3.768430738798306083e-04
1.759368572522967272e-04 8.928485119066914479e-05 2.300352312620015623e-04 3.739658090588347133e-04
1.805133862061779706e-04 8.942548297656692134e-05 2.291630031829321092e-04 3.741409174326660973e-04
1.852089613769395836e-04 8.930677729476352246e-05 2.285991774252886652e-04 3.749876093719232213e-04
1.900266794349832233e-04 8.912198864362534266e-05 2.285949522079563782e-04 3.760239891826426583e-04
1.949697176023468443e-04 8.902896503113157296e-05 2.289807860366689608e-04 3.767311651972204815e-04
2.000413357480411902e-04 8.915849336274962299e-05 2.292827097806511691e-04 3.760320975453896198e-04
2.052448785378907807e-04 8.912802538573099743e-05 2.294481200211936835e-04 3.767051971163707714e-04
2.105837776402972076e-04 8.927366455906451373e-05 2.306239447733792174e-04 3.810073996579583047e-04
2.160615539893794934e-04 8.911683802839836274e-05 2.314413851394912444e-04 3.819124552718097657e-04
2.216818201069844054e-04 8.931032206584245739e-05 2.312010085791997669e-04 3.824939114183164407e-04
2.274482824850968324e-04 8.939640987889900579e-05 2.321699474160420005e-04 3.834498922588458632e-04
2.333647440302231578e-04 8.962671647998079853e-05 2.331864849422679283e-04 3.886551957215625039e-04
2.394351065713584009e-04 8.972069642562180327e-05 2.354337582647608295e-04 3.919096934308534462e-04
2.456633734331910767e-04 9.006799608631567411e-05 2.362373713470606945e-04 3.959404763724702321e-04
2.520536520762436082e-04 9.026316207688466842e-05 2.369352929621732862e-04 3.958353026728877642e-04
2.586101568056889226e-04 9.073690020792468962e-05 2.380453351361706479e-04 3.969635369031196881e-04
2.653372115506295371e-04 9.089621380432669239e-05 2.395642770639825952e-04 3.988951271179776788e-04
2.722392527156720313e-04 9.158057886615662878e-05 2.402336778889897491e-04 3.987314162123041929e-04
2.793208321066782684e-04 9.203548761491427567e-05 2.412093309916910197e-04 4.010428131032187072e-04
2.865866199326212661e-04 9.259513495518867019e-05 2.422615510635517952e-04 4.101046953124848370e-04
2.940414078855274767e-04 9.306731414922399064e-05 2.423737564432565492e-04 4.126816293413452879e-04
3.016901123005345060e-04 9.345703771597005979e-05 2.436677430154387907e-04 4.137394205808862433e-04
3.095377773981503847e-04 9.391863198326712823e-05 2.452788767754485546e-04 4.180718288166106146e-04
3.175895786108503789e-04 9.429922429915468872e-05 2.463075520821364343e-04 4.205368330564106922e-04
3.258508259962076084e-04 9.475525921722543988e-05 2.471486524637978195e-04 4.235619812892990371e-04
3.343269677388059440e-04 9.542754999649786856e-05 2.493242172366839232e-04 4.223165752277044990e-04
3.430235937432470311e-04 9.596202541507198422e-05 2.501941070727890272e-04 4.248892188161519016e-04
3.519464393206188455e-04 9.654435668560789143e-05 2.503921585872535154e-04 4.247094290321575135e-04
3.611013889708587343e-04 9.688451408163869778e-05 2.520370710850646867e-04 4.246911384841139231e-04
3.704944802635036288e-04 9.731490190611672255e-05 2.537046198298628869e-04 4.238424805773680060e-04
3.801319078193886964e-04 9.795952518811549192e-05 2.538925928015191096e-04 4.268483236009946503e-04
3.900200273959183615e-04 9.824115137277753635e-05 2.552570508438993481e-04 4.300569594546821027e-04
4.001653600786054025e-04 9.857023605598996753e-05 2.568289379989813995e-04 4.341933263413657500e-04
4.105745965816414312e-04 9.896711247620488009e-05 2.582174290126485242e-04 4.374905264242060529e-04
4.212546016603354064e-04 9.944759025909503123e-05 2.593655343067198071e-04 4.411117604438479726e-04
4.322124186383299090e-04 1.000112193529831126e-04 2.608174850303132154e-04 4.462410941730873500e-04
4.434552740525813438e-04 1.003619699066214178e-04 2.617960119037402670e-04 4.467970431448314828e-04
4.549905824191656360e-04 1.006295492551816621e-04 2.629619744885462588e-04 4.454098546604612894e-04
4.668259511230556710e-04 1.012296403980098518e-04 2.641826404063574055e-04 4.470675955228786713e-04
4.789691854350912608e-04 1.013749795279501745e-04 2.664857768751961254e-04 4.475255681882041640e-04
4.914282936594538756e-04 1.018116837071897048e-04 2.671365932416498810e-04 4.480790050260202262e-04
5.042114924150379587e-04 1.021446662243517855e-04 2.678979070397463310e-04 4.445212360673388217e-04
5.173272120542039918e-04 1.019196992413618858e-04 2.687536131070789882e-04 4.527386265460775537e-04
5.307841022224851074e-04 1.020998121474305914e-04 2.696915460623507360e-04 4.551191319075751176e-04
5.445910375629157540e-04 1.023720703480183872e-04 2.718013072333401773e-04 4.533194943662242687e-04
5.587571235687426984e-04 1.021526405721051323e-04 2.709722401344743918e-04 4.547780138203790065e-04
5.732917025883776376e-04 1.017098314334936794e-04 2.719739153884784570e-04 4.538457982878945848e-04
5.882043599865552624e-04 1.017273868430628830e-04 2.706878408734914206e-04 4.527375179731565392e-04
6.035049304657547249e-04 1.021789057523022720e-04 2.702036442291438282e-04 4.490864010002712536e-04
6.192035045520583644e-04 1.023228765446348228e-04 2.687366704872024307e-04 4.520805515076252077e-04
6.353104352497204212e-04 1.021536982300919451e-04 2.705946190687320190e-04 4.525822427828510449e-04
6.518363448688391454e-04 1.020555983890224260e-04 2.704180047100217320e-04 4.511576834698705334e-04
6.687921320306301114e-04 1.020415910325079905e-04 2.711412327817798798e-04 4.473605019839981510e-04
6.861889788549255112e-04 1.018784702899058032e-04 2.711492772310465389e-04 4.496731157445100482e-04
7.040383583346351143e-04 1.021135703333528951e-04 2.706062371677709949e-04 4.516003990817540523e-04
7.223520419020357675e-04 1.018009309446886007e-04 2.699802738924490992e-04 4.499180604736689845e-04
7.411421071918754657e-04 1.017813544971802204e-04 2.688224639197199094e-04 4.500743404906359176e-04
7.604209460064176654e-04 1.020626226835581713e-04 2.689982410155850414e-04 4.500783857497433690e-04
7.802012724876715389e-04 1.013003548505089579e-04 2.664756734020538040e-04 4.529119578407060707e-04
8.004961315022009888e-04 1.009652454364976025e-04 2.656273637417515591e-04 4.451173245861317091e-04
8.213189072440469501e-04 1.006822847000518053e-04 2.639416229463779255e-04 4.417870482934187063e-04
8.426833320614249018e-04 1.004650345907072732e-04 2.631289313725147078e-04 4.416325383691572680e-04
8.646034955130311355e-04 9.988356076792102292e-05 2.618098392794588648e-04 4.390252034453195158e-04
8.870938536599205695e-04 1.000929416475989828e-04 2.602663359874093810e-04 4.347678191901371315e-04
9.101692385990912829e-04 1.000383312772144074e-04 2.586751733753818536e-04 4.321155120901579356e-04
9.338448682450581784e-04 9.965845921967456187e-05 2.577376207961918123e-04 4.296603155670091585e-04
9.581363563658691629e-04 9.989943488730746726e-05 2.581102609350772363e-04 4.250284152228065338e-04
9.830597228801779119e-04 9.998961344411505232e-05 2.581517391159020834e-04 4.171056542283889368e-04
1.008631404422175287e-03 9.893080843023894730e-05 2.570633571826820606e-04 4.161589450855273840e-04
1.034868265181330873e-03 9.877576507163053523e-05 2.554070792622857296e-04 4.209017224114517861e-04
1.061787608024107642e-03 9.869294192362721319e-05 2.543347807677976856e-04 4.199918758435622649e-04
1.089407185904973626e-03 9.826842408483612461e-05 2.538375399904796610e-04 4.169432599133421195e-04
1.117745213574245595e-03 9.760886132093660259e-05 2.527156034556511536e-04 4.182758327966324525e-04
1.146820379590477975e-03 9.681693995985315982e-05 2.508951929145759180e-04 4.226048945482655753e-04
1.176651858645321857e-03 9.619398111680889504e-05 2.493721149069794227e-04 4.258157570904713848e-04
1.207259324208982817e-03 9.574288749236348661e-05 2.496401111072574838e-04 4.267300361058001552e-04
1.238662961504620246e-03 9.532006252178295972e-05 2.493224299895522200e-04 4.248359138283488014e-04
1.270883480820235402e-03 9.502110088788659720e-05 2.488552145112741696e-04 4.269190861705443292e-04
1.303942131166834330e-03 9.445815790022048253e-05 2.482175614557293060e-04 4.257937262110276133e-04
1.337860714291875608e-03 9.397180153882406803e-05 2.459468973493098010e-04 4.253911822141731190e-04
1.372661599057236606e-03 9.374802287303178106e-05 2.448428091694301889e-04 4.242848428142691457e-04
1.408367736191185266e-03 9.337246696703625998e-05 2.465026016292875188e-04 4.199358013336059402e-04
1.445002673424082475e-03 9.300626401171397685e-05 2.454427085481007383e-04 4.155857786538929362e-04
1.482590571017806816e-03 9.275484977614768291e-05 2.438565714148509603e-04 4.173250644869481367e-04
1.521156217699128977e-03 9.245428090219392700e-05 2.437554146530135173e-04 4.157635681302248687e-04
1.560725047007552584e-03 9.175653325043695116e-05 2.423079376195662262e-04 4.151751141650595082e-04
1.601323154068399297e-03 9.174576472954933505e-05 2.412836701843106219e-04 4.104378384475853279e-04
1.642977312802206772e-03 9.170080733624332882e-05 2.401417602188009998e-04 4.087357883200298282e-04
1.685714993581775714e-03 9.140382899875572884e-05 2.392640894555083135e-04 4.060608898812126887e-04
1.729564381348522913e-03 9.101503318098430888e-05 2.380288362545178546e-04 4.040509015704286467e-04
1.774554394200078631e-03 9.082912453154026570e-05 2.377762873709642999e-04 4.014123992605807853e-04
1.820714702461398264e-03 9.068593252515606959e-05 2.380234785509606802e-04 4.027518899352201549e-04
1.868075748251949624e-03 9.079129193815140659e-05 2.366038899381684032e-04 4.008062890451494936e-04
1.916668765561896489e-03 9.057034246979318772e-05 2.364912157493419449e-04 3.969629801581527192e-04
1.966525800850499849e-03 9.092025549934795996e-05 2.366151471683042328e-04 3.931273205171226682e-04
2.017679734180346813e-03 9.117618521290903803e-05 2.369403252058173176e-04 3.919315748563567290e-04
2.070164300901315355e-03 9.122905068106823242e-05 2.374630902722906867e-04 3.903369482265795832e-04
2.124014113898601078e-03 9.166050122560377342e-05 2.384649471644981450e-04 3.889357473426739405e-04
2.179264686419455331e-03 9.210952242357985521e-05 2.371392592703586621e-04 3.900816422022623103e-04
2.235952455493716781e-03 9.256168339807002363e-05 2.370873345264678622e-04 3.927709461965281606e-04
2.294114805963548380e-03 9.280211437033265929e-05 2.369818099977486295e-04 3.958089201383079838e-04
2.353790095138255049e-03 9.270823157502968109e-05 2.380434712797226961e-04 3.985087048351738958e-04
2.415017678090424728e-03 9.288736488864803096e-05 2.373238163866480126e-04 3.963609402449645757e-04
2.477837933610087771e-03 9.336451300568665991e-05 2.381529101844167065e-04 3.948837941745668824e-04
2.542292290833998627e-03 9.325716050034937139e-05 2.386335106412105535e-04 3.978219158886018019e-04
2.608423256567610378e-03 9.325472108763950823e-05 2.386195787547103892e-04 4.017270864901757504e-04
2.676274443317752921e-03 9.307116385060546426e-05 2.400388156994519480e-04 3.997944900204178256e-04
2.745890598054517764e-03 9.314772195938780201e-05 2.398487290576018849e-04 4.027154970842600885e-04
2.817317631721295672e-03 9.328989167573295939e-05 2.398643843051709984e-04 4.055560522025843280e-04
2.890602649512439854e-03 9.296782450669899202e-05 2.413516471255720960e-04 4.117849091819079823e-04
2.965793981938532210e-03 9.334322783353219571e-05 2.425623121814833951e-04 4.104309161773469182e-04
3.042941216699718461e-03 9.310133845454290403e-05 2.439714858739372471e-04 4.129988147412067163e-04
3.122095231388152207e-03 9.340807499078529388e-05 2.449950478375631968e-04 4.176995151427912172e-04
3.203308227041089685e-03 9.346491695928873026e-05 2.440567097616580387e-04 4.214312686353571206e-04
3.286633762566807618e-03 9.351277038436683594e-05 2.452408654955048309e-04 4.204753381766404064e-04
3.372126790065990525e-03 9.373157075550465423e-05 2.463197413541494537e-04 4.193083875837096109e-04
3.459843691071929489e-03 9.411628633771889415e-05 2.466748010494167437e-04 4.209146362915454288e-04
3.549842313733397436e-03 9.459973782365375657e-05 2.461149077490006640e-04 4.206009252926085160e-04
3.642182010964754163e-03 9.487278172356159703e-05 2.476242816792766912e-04 4.230268662009814508e-04
3.736923679588415124e-03 9.489871108522546347e-05 2.484942966241434161e-04 4.256181643899256662e-04
3.834129800495510079e-03 9.496083750133405639e-05 2.498488087166046397e-04 4.305694509357189449e-04
3.933864479851204368e-03 9.552237431660788591e-05 2.517368652662052195e-04 4.311685764296068488e-04
4.036193491371892379e-03 9.594067815375558318e-05 2.525920992574634647e-04 4.351753133671859802e-04
4.141184319702090333e-03 9.602133789341917133e-05 2.545385462838074776e-04 4.353825055439917058e-04
4.248906204919682128e-03 9.630736120489761436e-05 2.558095621467829160e-04 4.387694030456120624e-04
4.359430188198839401e-03 9.633973712259783753e-05 2.560068608798153796e-04 4.389504000227107197e-04
4.472829158660756622e-03 9.647870734097083699e-05 2.569332179669782759e-04 4.415941529133395028e-04
4.589177901443065866e-03 9.643109874807458972e-05 2.581061056896101925e-04 4.386174365597193424e-04
4.708553147019655001e-03 9.636152976253733982e-05 2.592966023713357600e-04 4.402082112249465344e-04
4.831033621803414516e-03 9.647158294514303594e-05 2.592616768106977064e-04 4.457443313176299407e-04
4.956700100065281230e-03 9.606189884634410325e-05 2.601192507324035972e-04 4.472145602896267376e-04
5.085635457203806740e-03 9.659060873666842179e-05 2.582320812227207186e-04 4.467168108324702817e-04
5.217924724400403030e-03 9.689195451392039579e-05 2.595485171839102432e-04 4.437774468767916101e-04
5.353655144696285902e-03 9.740131482817050300e-05 2.610545235584836067e-04 4.456831428457979564e-04
5.492916230528134373e-03 9.742115094637990834e-05 2.607305668829467587e-04 4.453503029246357438e-04
5.635799822760356736e-03 9.762772323232329214e-05 2.610852597299625111e-04 4.494593517526712417e-04
5.782400151252951176e-03 9.800085812765734915e-05 2.611757193245848067e-04 4.509688398283666225e-04
5.932813897004857000e-03 9.800715863696994612e-05 2.611994610200215738e-04 4.498172742437155525e-04
6.087140255913816612e-03 9.824715779178535798e-05 2.621679007217730451e-04 4.487755181322930368e-04
6.245481004194756297e-03 9.812420100909865941e-05 2.630989433614677395e-04 4.503007370919931765e-04
6.407940565499890828e-03 9.849662486584159218e-05 2.634791558662193480e-04 4.494959847902723379e-04
6.574626079784745732e-03 9.870442480220431342e-05 2.634852700975148180e-04 4.529767033161250737e-04
6.745647473965552150e-03 9.930172056597391672e-05 2.648068715606288694e-04 4.553578276965328242e-04
6.921117534414617661e-03 9.949613707261307735e-05 2.649038494481377329e-04 4.522002243086805035e-04
7.101151981341456872e-03 1.000285294236402748e-04 2.668157298768721020e-04 4.550422963188604109e-04
7.285869545108765791e-03 1.002770984971149940e-04 2.667900223822587918e-04 4.557704121451007441e-04
7.475392044533520075e-03 1.008904340603747655e-04 2.678037628406531646e-04 4.521060189848409593e-04
7.669844467224923995e-03 1.013440363398643561e-04 2.670161877453598601e-04 4.587037683221988613e-04
7.869355052012081894e-03 1.018660959042216066e-04 2.689734620932092250e-04 4.519488849257517933e-04
8.074055373515832967e-03 1.022042929690874385e-04 2.715760826053406889e-04 4.492957873860232987e-04
8.284080428920492095e-03 1.029971423505769945e-04 2.750913702664344691e-04 4.452032775806990671e-04
8.499568727002733068e-03 1.039804343393843004e-04 2.773950343165869489e-04 4.467910924674872112e-04
8.720662379476301629e-03 1.045009211616405425e-04 2.774031825805282382e-04 4.459587147694120488e-04
8.947507194712853856e-03 1.051335387830320487e-04 2.786661836874440579e-04 4.511469127588860857e-04
9.180252773900636140e-03 1.061872445332636924e-04 2.812922865196818847e-04 4.515723875323131168e-04
9.419052609704547940e-03 1.072415863305518853e-04 2.806934233198717685e-04 4.548181460454641420e-04
9.664064187492524965e-03 1.077103394823042713e-04 2.801468448772525752e-04 4.546466256776108064e-04
9.915449089195083401e-03 1.084172560104417030e-04 2.810157813175182982e-04 4.542133132320893781e-04
1.017337309986649646e-02 1.093320954229522304e-04 2.813760476491092245e-04 4.570020867317370534e-04
1.043800631701785782e-02 1.094384032463091111e-04 2.865961617903759829e-04 4.540662028469404023e-04
1.070952326279417388e-02 1.102670001785124171e-04 2.868696133575636669e-04 4.624623901617155083e-04
1.098810299906943788e-02 1.111884107484303110e-04 2.881671730144485600e-04 4.609135376650708008e-04
1.127392924553556088e-02 1.117417665756694915e-04 2.890659604511510361e-04 4.586627756434944543e-04
1.156719050086316321e-02 1.122214139647833322e-04 2.917931793634369613e-04 4.692392473831349573e-04
1.186808016701393700e-02 1.130859026627580494e-04 2.922718417342132897e-04 4.683618513767149336e-04
1.217679667678672577e-02 1.137849630822409169e-04 2.952740566567073669e-04 4.777169428412029431e-04
1.249354362468136151e-02 1.151715286495025634e-04 2.963268947761664310e-04 4.803558818494050946e-04
1.281852990116656016e-02 1.159041002194994272e-04 2.963805362778035822e-04 4.817862249384399428e-04
1.315196983044047627e-02 1.167715578852461484e-04 2.975495264460384349e-04 4.891460165430637757e-04
1.349408331177469333e-02 1.176841511609914051e-04 3.005747571238922395e-04 4.898229238087620186e-04
1.384509596453490157e-02 1.182210282764815983e-04 3.026198105734495178e-04 4.970880596407725944e-04
1.420523927697394696e-02 1.198137191324175684e-04 3.067704417158733971e-04 4.993108996990265310e-04
1.457475075889529993e-02 1.206376541235358314e-04 3.072078236497659460e-04 4.905433681889099931e-04
1.495387409828765127e-02 1.219796892086424332e-04 3.125826990097342064e-04 4.955567739621052036e-04
1.534285932203396582e-02 1.235406994770049628e-04 3.122796780793529715e-04 4.898408412330157143e-04
1.574196296080092317e-02 1.244715868142679080e-04 3.142965157962982923e-04 5.000713410612316013e-04
1.615144821821757476e-02 1.258826633989110124e-04 3.124239821571305679e-04 4.983938221279223500e-04
1.657158514445462166e-02 1.268682750599453666e-04 3.104296100676929020e-04 4.903078538104970688e-04
1.700265081431905079e-02 1.287563041640302512e-04 3.122911804545135507e-04 5.031547876304532773e-04
1.744492950998131203e-02 1.300065304513278567e-04 3.109641307252270837e-04 4.992090543234886570e-04
1.789871290845567245e-02 1.313298477822029354e-04 3.145632299221839566e-04 5.073611164425181810e-04
1.836430027395742973e-02 1.337252711833268907e-04 3.194838206379255782e-04 5.252344179899052405e-04
1.884199865526369963e-02 1.356690389344182893e-04 3.229934591888956093e-04 5.424239013709594194e-04
1.933212308820811756e-02 1.372186406634342637e-04 3.297999275519214782e-04 5.378341508450070049e-04
1.983499680344283367e-02 1.388437766578299660e-04 3.413241830771519087e-04 5.446438684296650221e-04
2.035095143960485159e-02 1.395874778937657829e-04 3.393496570503202049e-04 5.393840224897386527e-04
2.088032726202745243e-02 1.409755745809481396e-04 3.448888230463978627e-04 5.504400298790776414e-04
2.142347338714067906e-02 1.399113195884812988e-04 3.428727859962716826e-04 5.565745820153690602e-04
2.198074801270906778e-02 1.407270227477363080e-04 3.421929703363623732e-04 5.613152145432123534e-04
2.255251865405838788e-02 1.394745759787714050e-04 3.312805251330049917e-04 5.591668306525433233e-04
2.313916238644719500e-02 1.385653464040456379e-04 3.305788511526743748e-04 5.653049016119021967e-04
2.374106609374302540e-02 1.373863820389787424e-04 3.253018474674126059e-04 5.678923823488034057e-04
2.435862672356726641e-02 1.359210659302279944e-04 3.260858668247156771e-04 5.608085365675273765e-04
2.499225154907684654e-02 1.345447972209433179e-04 3.176925817119176832e-04 5.403194532572439543e-04
2.564235843755566582e-02 1.324183488266863183e-04 3.163891086770248811e-04 5.241109563294772461e-04
2.630937612599252781e-02 1.302038294030149232e-04 3.132921507370510505e-04 5.204418035568343127e-04
2.699374450382760124e-02 1.287221121664551928e-04 3.059642945551033851e-04 5.056818683695858858e-04
2.769591490305374493e-02 1.263825212316483347e-04 3.063563627214431376e-04 4.955285505816982511e-04
2.841635039586406022e-02 1.220510638440821486e-04 2.956538221379850740e-04 4.840757725875971312e-04
2.915552610004191678e-02 1.186651512960989839e-04 2.923587256489951517e-04 4.814910923120914172e-04
2.991392949229498485e-02 1.167313904036937388e-04 2.902791086648110397e-04 4.840031272561855637e-04
3.069206072973961613e-02 1.163510824888442036e-04 2.872461698186568112e-04 4.898669386483332560e-04
3.149043297974807309e-02 1.152071831587647628e-04 2.867553623207471096e-04 4.957676669013322658e-04
3.230957275837562093e-02 1.155172271955404151e-04 2.904722061487219602e-04 4.855501925371709512e-04
3.315002027759096637e-02 1.163096347354908121e-04 2.903117180728161800e-04 4.878448912675687811e-04
3.401232980153901658e-02 1.165521198107304063e-04 2.944212478920784520e-04 4.892748910062783528e-04
3.489707001207081882e-02 1.184068131159170365e-04 2.944735150936532344e-04 4.911215123041824367e-04
3.580482438378181781e-02 1.215933516163805424e-04 2.983976855745698749e-04 4.894103774951495244e-04
3.673619156880564979e-02 1.236163677861466207e-04 3.029687454838436863e-04 5.051546596242120855e-04
3.769178579161747838e-02 1.265453924482843077e-04 3.166428244925485703e-04 5.264981203318015160e-04
3.867223725410700447e-02 1.295332305397192674e-04 3.274037403015818458e-04 5.286378028883457472e-04
3.967819255118830435e-02 1.327289127849817481e-04 3.371035535637254043e-04 5.288246979110550151e-04
4.071031509722074920e-02 1.324171401008655770e-04 3.385071177577165993e-04 5.413105651914272218e-04
4.176928556352209332e-02 1.322028098967741765e-04 3.396245357399882469e-04 5.525430543832978445e-04
4.285580232726231287e-02 1.341572508162656887e-04 3.453740866685042050e-04 5.587268852837235563e-04
4.397058193203425697e-02 1.374180794912940721e-04 3.528942651536065090e-04 5.659669030212196444e-04
4.511435956040458356e-02 1.427071706307664887e-04 3.638463894703384389e-04 5.808048000515819275e-04
4.628788951875731361e-02 1.461368375728549292e-04 3.844324062679707436e-04 6.328801654548142901e-04
4.749194573474886660e-02 1.476501377489022751e-04 3.955925442962598135e-04 6.677668159528852036e-04
4.872732226770326580e-02 1.489845962460323195e-04 4.237472885995694611e-04 6.906602403058156696e-04
4.999483383228381372e-02 1.506392979971213288e-04 4.441882364548238571e-04 7.238052597799990526e-04
5.129531633578687105e-02 1.552948255407180823e-04 4.714982999996178035e-04 7.868178916987694956e-04
5.262962742941167810e-02 1.588818281910518563e-04 4.973465471799412953e-04 8.179707072424836564e-04
5.399864707387021234e-02 1.680142187137207126e-04 5.312034563576006375e-04 9.672510138255893545e-04
5.540327811970954808e-02 1.766526132911756450e-04 5.640748306636672116e-04 1.094258666787994690e-03
5.684444690273028622e-02 1.853132504325524278e-04 6.076516413008522252e-04 1.154289282019021817e-03
5.832310385489265087e-02 1.923776773197394979e-04 6.434999289656610820e-04 1.212668216191106979e-03
5.984022413111408922e-02 2.028089575191879487e-04 6.820709800919793698e-04 1.299829733300744521e-03
6.139680825237109341e-02 2.092001237079615342e-04 7.294937754057733391e-04 1.373070107339338262e-03
6.299388276552971011e-02 2.154873726432362472e-04 7.180353169364764180e-04 1.331515990876820828e-03
6.463250092033979988e-02 2.254747427275050986e-04 7.469150480979954354e-04 1.317305734276487221e-03
6.631374336403951519e-02 2.372663312832339738e-04 7.631809526647401936e-04 1.351930780123128742e-03
6.803871885402777708e-02 2.440130179480442109e-04 7.701627977018152098e-04 1.327629662939949773e-03
6.980856498907560270e-02 2.529587958905232586e-04 7.767720320855563349e-04 1.302387232903435155e-03
7.162444895955746849e-02 2.531301412235773310e-04 7.474959361999539706e-04 1.279981891160894558e-03
7.348756831719806260e-02 2.620161951975694863e-04 7.362012896093707943e-04 1.216259347546216982e-03
7.539915176484197901e-02 2.628926055636674375e-04 7.108530119053447713e-04 1.223589026322216078e-03
7.736045996676722825e-02 2.583299939397441076e-04 6.998652248089629307e-04 1.268220660640256717e-03
7.937278638007688736e-02 2.265582933665034480e-04 5.592935662162106230e-04 1.019902156135028565e-03
8.143745810771688132e-02 2.097676066023687581e-04 4.731967910464896518e-04 7.653196053883039220e-04
8.355583677368336182e-02 2.096397639390312729e-04 4.586281364707885957e-04 6.867687477819971664e-04
8.572931942099569491e-02 2.109765138846853548e-04 4.587259358907672785e-04 6.663465054864091928e-04
8.795933943302813862e-02 2.169488436105942606e-04 4.597794597851044703e-04 6.611483974657124353e-04
9.024736747880739152e-02 2.187469941235160875e-04 4.604138655088902635e-04 6.656874839457607284e-04
9.259491248289965226e-02 2.247743686584188555e-04 4.664053059929971936e-04 6.727343130034945697e-04
9.500352262052648433e-02 2.276534247746714616e-04 4.736710964754758274e-04 6.829699021965027943e-04
9.747478633856636321e-02 2.349409404810633042e-04 4.830590024394951503e-04 7.120477398411768693e-04
1.000103334031142016e-01 2.387148221443895191e-04 4.883961031684495770e-04 7.360260464902128059e-04
1.026118359742912711e-01 2.404025497172207655e-04 4.970887487269049334e-04 7.579460779265233174e-04
1.052810097090126490e-01 2.417946813470287740e-04 4.998439428633424464e-04 7.416859393408232895e-04
1.080196148924404825e-01 2.406339758322645198e-04 5.015052066001588187e-04 7.505796890753224345e-04
1.108294575988691688e-01 2.431122969979340580e-04 5.008636223326996340e-04 7.614145612852619462e-04
1.137123908828076430e-01 2.465556555059709282e-04 4.988556034436657845e-04 7.878923208574460787e-04
1.166703160010444940e-01 2.497750825317408678e-04 5.155991267246917698e-04 7.934424855283445229e-04
1.197051836665023600e-01 2.513130049027029428e-04 5.291767291900828984e-04 8.243391150577853441e-04
1.228189953347067626e-01 2.514508450167784602e-04 5.388949135698408105e-04 8.597069204062223868e-04
1.260138045237207960e-01 2.576920451530068882e-04 5.399730081314772778e-04 8.381120497317262391e-04
1.292917181684128114e-01 2.572115355627041847e-04 5.426318411721822721e-04 8.554732344637408894e-04
1.326548980099526154e-01 2.569729931805513697e-04 5.591845927770200744e-04 9.063838044252862285e-04
1.361055620214514372e-01 2.584433452588824837e-04 5.759865415986217558e-04 9.063690750936942517e-04
1.396459858706861901e-01 2.609258068988663131e-04 5.898759105074822488e-04 9.283514935209831974e-04
1.432785044208726988e-01 2.611889084735501110e-04 5.949115702811676090e-04 9.381486919317616469e-04
1.470055132704773948e-01 2.605736951354210135e-04 5.908878765557382682e-04 9.096832225778237911e-04
1.508294703330827491e-01 2.585589899039243884e-04 5.791344564144234285e-04 9.092659118870426854e-04
1.547528974583498862e-01 2.512332281002120160e-04 5.529787296768280506e-04 8.548662203910095030e-04
1.587783820951450542e-01 2.457836135967352855e-04 5.424090809421650700e-04 8.384647451846911079e-04
1.629085789979282661e-01 2.434956412169699414e-04 5.453061214699075508e-04 8.298644243050884960e-04
1.671462119775291022e-01 2.448498436815697019e-04 5.474717021636653228e-04 8.520475637751443896e-04
1.714940756974645819e-01 2.462749880991818964e-04 5.521477291537286178e-04 8.631309144217525495e-04
1.759550375169830760e-01 2.377276090918828562e-04 5.400158375416667976e-04 8.516336570289313387e-04
1.805320393820497304e-01 2.323900513435033042e-04 5.084118530690526347e-04 8.156849256294057028e-04
1.852280997655222639e-01 2.344068006730538097e-04 5.016941265430790867e-04 8.022082009482006800e-04
1.900463156577937296e-01 2.351701174806363978e-04 5.165778701438279198e-04 8.091107161713518604e-04
1.949898646092172172e-01 2.349028385891852836e-04 5.209657195725565662e-04 8.257062706269381212e-04
2.000620068256590001e-01 2.309772443312360917e-04 5.165487698163977225e-04 8.388749217648588637e-04
2.052660873185612189e-01 2.286775224398272864e-04 5.092496600808023299e-04 8.340884258283363245e-04
2.106055381109337432e-01 2.276794008506395194e-04 5.066360970018992218e-04 8.557874620934314419e-04
2.160838805007280483e-01 2.259587332112877802e-04 5.164203951621309553e-04 8.618166833999005294e-04
2.217047273830869136e-01 2.248972233568417010e-04 5.071661788799578050e-04 8.481669680002816266e-04
2.274717856330022714e-01 2.197719660686826317e-04 4.942463209627193446e-04 8.815386068247863449e-04
2.333888585499501456e-01 2.154931033247940112e-04 4.827834276851337568e-04 8.475562611013775670e-04
2.394598483661171950e-01 2.152668321754931018e-04 4.852527444446369932e-04 8.625966008616782086e-04
2.456887588198717054e-01 2.185341533717560694e-04 5.021851631064386647e-04 8.760569165646377209e-04
2.520796977961765051e-01 2.186193472287045855e-04 5.109783687504742059e-04 9.007342664859113940e-04
2.586368800356856901e-01 2.129510970392171172e-04 4.900538739904199180e-04 8.681462553789109221e-04
2.653646299143109788e-01 2.069350550701953893e-04 4.922832196784475683e-04 8.940450148998461098e-04
2.722673842950901757e-01 2.069474197021183514e-04 5.045979183921051698e-04 9.541173280085207212e-04
2.793496954542416533e-01 1.990324298857942809e-04 4.828107314664969855e-04 9.307495195128745891e-04
2.866162340833301458e-01 1.919173824632865719e-04 4.837127788028256891e-04 8.763499334143947219e-04
2.940717923695267966e-01 2.001190677467482742e-04 5.047126441361802010e-04 9.238905393888651894e-04
3.017212871559940557e-01 2.065134986798640242e-04 5.034406902375215083e-04 9.404559398815090813e-04
3.095697631844794850e-01 2.054153287966903384e-04 4.996934271602390936e-04 9.175016879307598119e-04
3.176223964222567031e-01 1.967397637483143762e-04 4.941140945745950419e-04 9.177167076797554607e-04
3.258844974756084367e-01 2.002432355533636393e-04 5.055175745612520153e-04 9.815145473497819892e-04
3.343615150921014911e-01 2.067961266070077317e-04 5.147332280716654688e-04 9.863999766781146854e-04
3.430590397539649006e-01 2.021255158422059122e-04 5.132587398442409361e-04 9.943520608184401241e-04
3.519828073649394762e-01 2.050945172552604728e-04 5.260863333961170738e-04 1.036160059559686122e-03
3.611387030330321934e-01 2.104278775044660728e-04 5.387068842725657768e-04 9.336169741056408360e-04
3.705327649516652611e-01 1.997365743245081715e-04 5.191427957170965946e-04 9.484337771338304229e-04
3.801711883817894821e-01 2.004267872190393536e-04 5.421305770690539342e-04 1.019641177054325578e-03
3.900603297375753731e-01 2.017729414128864942e-04 5.561394966117711109e-04 1.008321139478519837e-03
4.002067107783857103e-01 1.943012370740959725e-04 5.242294327224554951e-04 9.596373675698972091e-04
4.106170229097906854e-01 2.022985729843649043e-04 5.480218009173903415e-04 1.017134078408132468e-03
4.212981315964619555e-01 2.020071496147152624e-04 5.456582496234278030e-04 1.026729966146394538e-03
4.322570808898573147e-01 1.877304688114923056e-04 5.182170104122377653e-04 9.789411828392483982e-04
4.435010980736801001e-01 1.947046352899316343e-04 5.634464668110773138e-04 1.018841204989200675e-03
4.550375984301784360e-01 1.953154739552214738e-04 5.448581218208299604e-04 1.000476645993811104e-03
4.668741901304265807e-01 2.027090248134054808e-04 5.567731484114820956e-04 1.033330532065114462e-03
4.790186792518146830e-01 2.106797103411497452e-04 5.886828722759475298e-04 1.032717109045007669e-03
4.914790749260544711e-01 1.941448956771531220e-04 5.278055270042506832e-04 1.017361702576316399e-03
5.042635946210968223e-01 2.230263165945517651e-04 5.911399301165581746e-04 1.062565373417278343e-03
5.173806695604443728e-01 1.987858701935047801e-04 5.632151429950069425e-04 1.064510404492410335e-03
5.308389502834340856e-01 2.153911617321296130e-04 6.077791974910815628e-04 1.346958340620855402e-03
5.446473123501512914e-01 2.546650154962307655e-04 7.465904638673134764e-04 1.784170676907894174e-03
5.588148621947504058e-01 2.275959934314677091e-04 7.777967052147247021e-04 2.407959317399078255e-03
5.733509431310263027e-01 2.503154732690018197e-04 9.564785853383141407e-04 2.815680577451289569e-03
5.882651415142079454e-01 2.365754261676725667e-04 1.064232161614508043e-03 2.901599219840801311e-03
6.035672930630338051e-01 2.360895039708090773e-04 1.194361683200383323e-03 2.901526499782888010e-03
6.192674893462808416e-01 2.497952912113560035e-04 1.254879389436556764e-03 2.755192256637576699e-03
6.353760844380211825e-01 2.348715143282339415e-04 1.271704585978787648e-03 2.574572762015514722e-03
6.519037017459989869e-01 2.466895670485444274e-04 1.203414394626332786e-03 2.352565058853508910e-03
6.688612410176284495e-01 2.398843630752019792e-04 1.112087057357295664e-03 2.085359171961376733e-03
6.862598855282353583e-01 2.362142525409776305e-04 1.007382388618541886e-03 1.795815136166958002e-03
7.041111094562799710e-01 2.302375249882688928e-04 8.970557874451033815e-04 1.516341716167051053e-03
7.224266854504284296e-01 2.267060798711493478e-04 7.935340838643236165e-04 1.318769673181123059e-03
7.412186923934599436e-01 2.166454097296827554e-04 7.089820214763357204e-04 1.147628774215172153e-03
7.604995233681325351e-01 2.032641343452142989e-04 6.291685878688193156e-04 9.780007935985205857e-04
7.802818938302585883e-01 1.872084353502352866e-04 5.538365774612264477e-04 8.338115721879546267e-04
8.005788499943830017e-01 1.704891056778697078e-04 4.756512885552566781e-04 7.169886314483344845e-04
8.214037774375858580e-01 1.535931513125696700e-04 4.118610778919133708e-04 6.144153446794618301e-04
8.427704099271031701e-01 1.376143304460986127e-04 3.560862980052769550e-04 5.442122913188658130e-04
8.646928384775618426e-01 1.269975818712439813e-04 3.195639616325895061e-04 5.046447360698666810e-04
8.871855206438202801e-01 1.192611371182419270e-04 2.941103006026750638e-04 4.573402595053210765e-04
9.102632900555369666e-01 1.129079003706929141e-04 2.755605513834199854e-04 4.386613111341028230e-04
9.339413661997550964e-01 1.065331319759674856e-04 2.614853870004037227e-04 4.278884537952452709e-04
9.582353644579554297e-01 1.007733974623420701e-04 2.491069516676258037e-04 4.194180338924909882e-04
9.831613064041959671e-01 9.764632668658283505e-05 2.388490944510604063e-04 4.179674826341058490e-04
1.008735630371130121e+00 9.452750661946297253e-05 2.321849161321025781e-04 4.089077439562537725e-04
1.034975202290872476e+00 9.125372041347766766e-05 2.271470382008526634e-04 4.114643682834949576e-04
1.061897326817860421e+00 8.921250481011533916e-05 2.245924755251908051e-04 4.061532912445719968e-04
1.089519758741047228e+00 8.840331907801228983e-05 2.219192319660680452e-04 4.036160496868619716e-04
1.117860714692952895e+00 8.745642666100455207e-05 2.186935844425940941e-04 4.013709583154712632e-04
1.146938885163295563e+00 8.681064877658232007e-05 2.175237728405719046e-04 4.017955272484776633e-04
1.176773446825126745e+00 8.597423200274459864e-05 2.169869956174316371e-04 3.993708485962626695e-04
1.207384075181587635e+00 8.523979158998326111e-05 2.165994576517785793e-04 3.942546636577121425e-04
1.238790957541659354e+00 8.454581283046898657e-05 2.167402130060288191e-04 3.940303178182066684e-04
1.271014806333420122e+00 8.423211440111559069e-05 2.173601685051888258e-04 3.936156050824772242e-04
1.304076872763623385e+00 8.429042825538061502e-05 2.176098442940782639e-04 3.922134897515474564e-04
1.337998960832589734e+00 8.411017229558295837e-05 2.177735408441314061e-04 3.902640636524114422e-04
1.372803441713661199e+00 8.422068806458163272e-05 2.181618813134498451e-04 3.922021945553181145e-04
1.408513268506695448e+00 8.402330902795275504e-05 2.174895072476547590e-04 3.905779842123876665e-04
1.445151991375337452e+00 8.388866746282519753e-05 2.166349130943197451e-04 3.927616600538659367e-04
1.482743773078042393e+00 8.388354249051707689e-05 2.160609143140525983e-04 3.919531669982437988e-04
1.521313404903099631e+00 8.350025430633503372e-05 2.166671633645075271e-04 3.932942783985463823e-04
1.560886323018162658e+00 8.346363929756520019e-05 2.169476561901431514e-04 3.912747467443568284e-04
1.601488625245068853e+00 8.352734054649557291e-05 2.165636320416115595e-04 3.916640982490010125e-04
1.643147088271011746e+00 8.340894040474230314e-05 2.165384018083108052e-04 3.920987714735071602e-04
1.685889185307417382e+00 8.332506218190404107e-05 2.167622747926627007e-04 3.917335769100461682e-04
1.729743104208164350e+00 8.342672711688731363e-05 2.176360309700279758e-04 3.909107723309280082e-04
1.774737766059112376e+00 8.334146288234612785e-05 2.177607887409988940e-04 3.907531839756294670e-04
1.820902844251163888e+00 8.319774938944597470e-05 2.174843808503716864e-04 3.883320394801376054e-04
1.868268784049495812e+00 8.310397249227852623e-05 2.180593943059836912e-04 3.880960608215886431e-04
1.916866822671805526e+00 8.305823813184473148e-05 2.179387551003993215e-04 3.870322025930148370e-04
1.966729009888846580e+00 8.309567469871916565e-05 2.184080027598382700e-04 3.861522017896441969e-04
2.017888229160833102e+00 8.318586259989119852e-05 2.191533749478242338e-04 3.846736664543811378e-04
2.070378219323653290e+00 8.318736428804025947e-05 2.191076429286549368e-04 3.842628448353353852e-04
2.124233596839191218e+00 8.332956056656899474e-05 2.191765735357088514e-04 3.858089109365371561e-04
2.179489878624427668e+00 8.355639956041072906e-05 2.191197975763206488e-04 3.873265116951180921e-04
2.236183505474383715e+00 8.347643545296978276e-05 2.191689659189469586e-04 3.879343591390221673e-04
2.294351866094349379e+00 8.346874449555282056e-05 2.185996458202083589e-04 3.890982868782077607e-04
2.354033321757245556e+00 8.343399710417952263e-05 2.190247662458200313e-04 3.894145152709607553e-04
2.415267231602378661e+00 8.327322418126112034e-05 2.192623109859588430e-04 3.902133040701443747e-04
2.478093978592282198e+00 8.344673637105245935e-05 2.191264132452852835e-04 3.903924097941815921e-04
2.542554996144749335e+00 8.347653860296386284e-05 2.196353339250486437e-04 3.905882944060500841e-04
2.608692795457636660e+00 8.347114794756736538e-05 2.194696085680009469e-04 3.917626836941036990e-04
2.676550993544424273e+00 8.351745494794275584e-05 2.193227897073830759e-04 3.926681255594922622e-04
2.746174341999090718e+00 8.336837104564377330e-05 2.194898263546535267e-04 3.903621903377382471e-04
2.817608756509188961e+00 8.344694684730901368e-05 2.199195875987497743e-04 3.887124818912512827e-04
2.890901347136643373e+00 8.346605616295135473e-05 2.194231043735909092e-04 3.890411723697915266e-04
2.966100449386221971e+00 8.327094786465827087e-05 2.194773404100332638e-04 3.905301361244345221e-04
3.043255656082168414e+00 8.333871573336219286e-05 2.193618897789637273e-04 3.943343123431720877e-04
3.122417850074018730e+00 8.311991177877796875e-05 2.191798263067265030e-04 3.969525498262576604e-04
3.203639237793178829e+00 8.319307623496202924e-05 2.190444024269219713e-04 3.987534126933043438e-04
3.286973383682379346e+00 8.315764712558042042e-05 2.194306617428967579e-04 4.007201556129038819e-04
3.372475245520728748e+00 8.315092681512585462e-05 2.205675447979207155e-04 4.000340747041382871e-04
3.460201210667646521e+00 8.318765768787969041e-05 2.210807447763903446e-04 4.016600750888196293e-04
3.550209133249590643e+00 8.319633864637872853e-05 2.214222771682475364e-04 4.019008094368171718e-04
3.642558372314097070e+00 8.321588750676645128e-05 2.218491828830973750e-04 4.026238872679972574e-04
3.737309830976292879e+00 8.315782003153830953e-05 2.223042710996966107e-04 4.022950090411847352e-04
3.834525996583711294e+00 8.317033611414731604e-05 2.223610365864683055e-04 4.007554629246430980e-04
3.934270981925875432e+00 8.326753947733575643e-05 2.229471084547619136e-04 4.006002131875641527e-04
4.036610567515825920e+00 8.320622081517627295e-05 2.226219636909757015e-04 4.005364799221678720e-04
4.141612244971548229e+00 8.312880966658218725e-05 2.228208271844438367e-04 4.001482358737780474e-04
4.249345261525779627e+00 8.325545532232642078e-05 2.234199370475281230e-04 4.013698635052257097e-04
4.359880665693667723e+00 8.333601481612111137e-05 2.243793731146812422e-04 4.009322403863252145e-04
4.473291354128330788e+00 8.322275245955025895e-05 2.250181809388544817e-04 4.012031866345535562e-04
4.589652119695248444e+00 8.326103140573948758e-05 2.241508406751228856e-04 4.042877135693071855e-04
4.709039700797180927e+00 8.337203005268275515e-05 2.248788858722632652e-04 4.061901432692271150e-04
4.831532831982136678e+00 8.353572524766386404e-05 2.249839532632886153e-04 4.064900002659582279e-04
4.957212295867781116e+00 8.372764147998612051e-05 2.251693717738803156e-04 4.074286380745262563e-04
5.086160976416515211e+00 8.368928180562250243e-05 2.253087659672030948e-04 4.110176247892459596e-04
5.218463913596365522e+00 8.351431905568512464e-05 2.261099568050746228e-04 4.136875415410997629e-04
5.354208359463727085e+00 8.339077180288546323e-05 2.268228064005502892e-04 4.189661868569299940e-04
5.493483835704954465e+00 8.354146984884321407e-05 2.270577501046954438e-04 4.231122359984616148e-04
5.636382192674746605e+00 8.376779887544012401e-05 2.276596284103188004e-04 4.236438925535336553e-04
5.782997669970261434e+00 8.384241608308594211e-05 2.286871743690008609e-04 4.280982139475699669e-04
5.933426958580853672e+00 8.393166091255877773e-05 2.304436235390585101e-04 4.277282389586372691e-04
6.087769264654586010e+00 8.406982389227670620e-05 2.301481566099818250e-04 4.320803917402341065e-04
6.246126374923339775e+00 8.413238859051921903e-05 2.315005793617900588e-04 4.329773606932989303e-04
6.408602723829843306e+00 8.414173812335606277e-05 2.325884110039369286e-04 4.354244224013013929e-04
6.575305462400820922e+00 8.459586947823775254e-05 2.328256872014639815e-04 4.347904393331919535e-04
6.746344528911699889e+00 8.465487874105186779e-05 2.334481022703081669e-04 4.317732287164231211e-04
6.921832721389455045e+00 8.469890496021023781e-05 2.337936564042259119e-04 4.338618777247348654e-04
7.101885772001439889e+00 8.479239901946992856e-05 2.347412146897196231e-04 4.347137510244601069e-04
7.286622423379229829e+00 8.498321951699139938e-05 2.343827642401314585e-04 4.358428304525195553e-04
7.476164506927841735e+00 8.516529678309358610e-05 2.352084024463192593e-04 4.412425240810297685e-04
7.670637023171947178e+00 8.527793138781525155e-05 2.354618829659472254e-04 4.404469837106645661e-04
7.870168224192086726e+00 8.526920082708019856e-05 2.357283119172406158e-04 4.481484616281662409e-04
8.074889698205232946e+00 8.511617921905696986e-05 2.367093632275066252e-04 4.539531823062068015e-04
8.284936456345509015e+00 8.548954428263931147e-05 2.379255317392817528e-04 4.561880015846578101e-04
8.500447021702251860e+00 8.576907668017074262e-05 2.388353943038480220e-04 4.616727545752600170e-04
8.721563520674207481e+00 8.593204758416142725e-05 2.404340965502667056e-04 4.641634513149437715e-04
8.948431776699955265e+00 8.611095280421333595e-05 2.407744382083069304e-04 4.686670597954783871e-04
9.181201406426664491e+00 8.622515190982820408e-05 2.418855876630844333e-04 4.723387542491926604e-04
9.420025918380245500e+00 8.620912133993494032e-05 2.419548098856402491e-04 4.715607756322779060e-04
9.665062814202231678e+00 8.658088121167485261e-05 2.427143101183129950e-04 4.794035540446653886e-04
9.916473692520051841e+00 8.696280372872684089e-05 2.426539824845270392e-04 4.843749345645841217e-04
1.017442435551921598e+01 8.726804111176746526e-05 2.435231410465084226e-04 4.882910304741998418e-04
1.043908491828767993e+01 8.747221140226787549e-05 2.441483521120670097e-04 4.907456823463665890e-04
1.071062992100452504e+01 8.788962860555496318e-05 2.468008187990744224e-04 4.995892101034961688e-04
1.098923844404692396e+01 8.835196751812651001e-05 2.466395393197502576e-04 5.082378416281989157e-04
1.127509422609129963e+01 8.876315546458672385e-05 2.482769446921467404e-04 5.060375892761191999e-04
1.156838578528659411e+01 8.863438153658423292e-05 2.488947235548331742e-04 5.090544031567709833e-04
1.186930654357949955e+01 8.852538101474794732e-05 2.498923676497588208e-04 5.100258508688585487e-04
1.217805495427372264e+01 8.875279405091966885e-05 2.508126868792172923e-04 5.086630226423237986e-04
1.249483463290733631e+01 8.918120349583152603e-05 2.530971305110318111e-04 5.108624690591316532e-04
1.281985449153457424e+01 8.961106560566873126e-05 2.550482122058129412e-04 5.117925216248197899e-04
1.315332887650052562e+01 8.989304959676303150e-05 2.564010737423448724e-04 5.142652896077382595e-04
1.349547770979986616e+01 9.035191626380886050e-05 2.574053011186995207e-04 5.243322289654897637e-04
1.384652663411246110e+01 9.058744584646130421e-05 2.580035727076282590e-04 5.356096904822301363e-04
1.420670716161177083e+01 9.100382728569060456e-05 2.592042728597048493e-04 5.402053668780945096e-04
1.457625682664410682e+01 9.129452744648394681e-05 2.603872559245806804e-04 5.439452935308654096e-04
1.495541934237941817e+01 9.150741841436312387e-05 2.627618755402730678e-04 5.521897467669497316e-04
1.534444476153695192e+01 9.177215011933449957e-05 2.641557614139720955e-04 5.571878391927894813e-04
1.574358964129175043e+01 9.233690181588061663e-05 2.664423279705160691e-04 5.643730340272348723e-04
1.615311721247072896e+01 9.266719160638481009e-05 2.678922573273180259e-04 5.641178005461352889e-04
1.657329755314999176e+01 9.345304834419579463e-05 2.700487099912350750e-04 5.663426128485361940e-04
1.700440776676777688e+01 9.380181752850853187e-05 2.721753657891827320e-04 5.743860864690298251e-04
1.744673216487055001e+01 9.414559465208256707e-05 2.725988489538526730e-04 5.816148811869688165e-04
1.790056245461273932e+01 9.470973195663438620e-05 2.740111734907220084e-04 5.911476520557205992e-04
1.836619793113381860e+01 9.480849101368976758e-05 2.751063865468047695e-04 6.012354365310757041e-04
1.884394567493950490e+01 9.548005621083366357e-05 2.751123738364711561e-04 6.075003986025830907e-04
1.933412075441737343e+01 9.576719341921530236e-05 2.770153292381420424e-04 6.055166182884152114e-04
1.983704643362022679e+01 9.673650922295075653e-05 2.800270140659445565e-04 6.107904957777797765e-04
2.035305438545467993e+01 9.738102474915768766e-05 2.821362066997683553e-04 6.118916424820874294e-04
2.088248491041499832e+01 9.834335028622242202e-05 2.829156695683764490e-04 6.097928722322339817e-04
2.142568716100683091e+01 9.884254647905140975e-05 2.851901847310948945e-04 6.178985915122386843e-04
2.198301937200873724e+01 9.940161603222933014e-05 2.876243225630159528e-04 6.246357343196145672e-04
2.255484909672331639e+01 1.002371334131763763e-04 2.892619440104350560e-04 6.324025934595876863e-04
2.314155344937383774e+01 1.009286734442323662e-04 2.900872108284662464e-04 6.420929480098052375e-04
2.374351935380609646e+01 1.013494074514392144e-04 2.918812628218074687e-04 6.433062605960021985e-04
2.436114379865967194e+01 1.015876169904307531e-04 2.945778067814543285e-04 6.457882153735598112e-04
2.499483409917670329e+01 1.022112882662110734e-04 2.962954902214346483e-04 6.560694112297911149e-04
2.564500816582097897e+01 1.029279599384599377e-04 2.968502180677627189e-04 6.614142462666430713e-04
2.631209477988443268e+01 1.038169059148173068e-04 2.995832901690484245e-04 6.673868308593082846e-04
2.699653387626277379e+01 1.047327259012029703e-04 3.035134476492490959e-04 6.772706693259382058e-04
2.769877683358681963e+01 1.056513961871205135e-04 3.064820066377610982e-04 6.867127255501565431e-04
2.841928677190083263e+01 1.064727740237381360e-04 3.087430688517084549e-04 6.979894433917339068e-04
2.915853885808392221e+01 1.078004330889946845e-04 3.128327434560607416e-04 7.110091922678704298e-04
2.991702061921671429e+01 1.091938799500411872e-04 3.167398825361577783e-04 7.087184819698465199e-04
3.069523226409886973e+01 1.109612666854844159e-04 3.201542296738507502e-04 7.159119660727506157e-04
3.149368701313027685e+01 1.119293707147605709e-04 3.242867444044219660e-04 7.210099881711272765e-04
3.231291143677321287e+01 1.134636061734158594e-04 3.288587711370337461e-04 7.239464546342938046e-04
3.315344580281868758e+01 1.149179206404832526e-04 3.326882907534682143e-04 7.349618525811086982e-04
3.401584443268593816e+01 1.163477944839661263e-04 3.350103354717448448e-04 7.418498499104710401e-04
3.490067606699020075e+01 1.169308809097009856e-04 3.366329013699481481e-04 7.480454672960342496e-04
3.580852424061968975e+01 1.175906747092154227e-04 3.403305090470006402e-04 7.561064616711053038e-04
3.673998766756920986e+01 1.186572935755843332e-04 3.419097168258041137e-04 7.578318978515268933e-04
3.769568063578423533e+01 1.190824358387859017e-04 3.438844729329514570e-04 7.687319155168890073e-04
3.867623341227572098e+01 1.201040537602845142e-04 3.459886475992504109e-04 7.695191912822351441e-04
3.968229265877300804e+01 1.223785525019497895e-04 3.504092233571633706e-04 7.910423302740148899e-04
4.071452185818876046e+01 1.244921425937203601e-04 3.555611801463473901e-04 8.005747316144848922e-04
4.177360175217724958e+01 1.266049217970732928e-04 3.609815866141908355e-04 8.127209475012743371e-04
4.286023079007465242e+01 1.287228056787354023e-04 3.667712754673389916e-04 8.182532963396260293e-04
4.397512558951694928e+01 1.314094094777588581e-04 3.736570396304897575e-04 8.363155571088498478e-04
4.511902140904034297e+01 1.342311881102492836e-04 3.801891754198464157e-04 8.493531428112040087e-04
4.629267263297434454e+01 1.366497891372983934e-04 3.879587936860921511e-04 8.611100121658317105e-04
4.749685326894841353e+01 1.394460850890923945e-04 3.961485842853692489e-04 8.739695869183364621e-04
4.873235745833993349e+01 1.418966022863488575e-04 4.021311196149619945e-04 8.778078320566211736e-04
4.999999999999997158e+01 1.450123823469684037e-04 4.109079909248302158e-04 8.942501371112038721e-04
